x values, solutions and p values of 2^28-smooth twin numbers for x in the range from 508213394906208 to 526350390753968 - 2021-02-18 22:13:06.827734
x values, solutions and p values of 2^28-smooth twin numbers for x in the range from 508213394906208 to 526350390753968 - 2021-02-18 22:13:27.335206
1, x=509120389181390, solution: [3, 5, 30, 57, 104, 116, 186, 198, 245, 272, 297, 299], [0, 11, 24, 65, 90, 129, 173, 212, 237, 278, 291, 302], p=8994073173679988208176426367290162407191423112175191830619185726590282411502946362217052358751288651486694985682824280875530881179719765339742711032915901, p prime? False
12, x=519106938814697, solution: [3, 5, 30, 57, 104, 116, 186, 198, 245, 272, 297, 299], [0, 11, 24, 65, 90, 129, 173, 212, 237, 278, 291, 302], p=11355141379778700617816422160515300082560213390357913856615773096092760923070818166814269819969975010070011083388473969328176834406251352768490235664063199, p prime? False
7, x=514580980558845, solution: [3, 5, 30, 57, 104, 116, 186, 198, 245, 272, 297, 299], [0, 11, 24, 65, 90, 129, 173, 212, 237, 278, 291, 302], p=10222457169015897701004204784292413595918461816201583826530775423759958110849075140893106244807827767470101273041275822684261822364920541405363934127446809, p prime? False
14, x=520934894905073, solution: [3, 5, 30, 57, 104, 116, 186, 198, 245, 272, 297, 299], [0, 11, 24, 65, 90, 129, 173, 212, 237, 278, 291, 302], p=11844369122688597108825373948934634340218239184298169031752751158000481512536531576209243071876131437621421310103695477541845250833941134165318191463918809, p prime? False
14, x=520938824684907, solution: [3, 5, 30, 57, 104, 116, 186, 198, 245, 272, 297, 299], [0, 11, 24, 65, 90, 129, 173, 212, 237, 278, 291, 302], p=11845441372475590982475039933632239385797063796757207935909228593051472096950389873842764423178461008731601055295711842086787517530544187351215657322202539, p prime? False
18, x=524568114691725, solution: [3, 5, 30, 57, 104, 116, 186, 198, 245, 272, 297, 299], [0, 11, 24, 65, 90, 129, 173, 212, 237, 278, 291, 302], p=12874583977458121790053333568507755783938418958048396487350626889569355288790813588066186064558370504494894523447115209347069145493540396415018151147731361, p prime? False
19, x=525474442152957, solution: [3, 5, 30, 57, 104, 116, 186, 198, 245, 272, 297, 299], [0, 11, 24, 65, 90, 129, 173, 212, 237, 278, 291, 302], p=13144065387209706385362125162213960565683774970777652004318827145393769979385618911973630972885592715228348344478626451657185011551066847872763513905904409, p prime? False
8, x=515510369394422, solution: [3, 5, 30, 57, 104, 116, 186, 198, 245, 272, 297, 299], [0, 11, 24, 65, 90, 129, 173, 212, 237, 278, 291, 302], p=10446225646161869215774837307004282624101069270386548648096389911857356734630503450632906541702058256856915629991944256514201349508136153890817072364337749, p prime? False
11, x=518234241887582, solution: [3, 5, 30, 57, 104, 116, 186, 198, 245, 272, 297, 299], [0, 11, 24, 65, 90, 129, 173, 212, 237, 278, 291, 302], p=11128171241709291053869372683265262074598381520432206818858858851204663606833698434429129665947171380232089018537237106058447324550558386798602642585608759, p prime? False
19, x=525492019821353, solution: [3, 5, 30, 57, 104, 116, 186, 198, 245, 272, 297, 299], [0, 11, 24, 65, 90, 129, 173, 212, 237, 278, 291, 302], p=13149342550464165736508942301744198346664964443577337958422520889984937365943676253613990726443246716720808861124550257633705191823882388825298329234440447, p prime? False
16, x=522770916995066, solution: [3, 5, 30, 57, 104, 116, 186, 198, 245, 272, 297, 299], [0, 11, 24, 65, 90, 129, 173, 212, 237, 278, 291, 302], p=12355136901017293039673275998912542151372833027961342701327828882168194609731675137346296571201198186959964435159224320895925400877665246190484533629513667, p prime? False
14, x=520959320505662, solution: [3, 5, 30, 57, 104, 116, 186, 198, 245, 272, 297, 299], [0, 11, 24, 65, 90, 129, 173, 212, 237, 278, 291, 302], p=11851035148357574432629448093747408260374872727656012000076751793776179781554866797356838322409665564992850318629772674841091748026720365633032922697874651, p prime? False
9, x=516423888213329, solution: [3, 5, 30, 57, 104, 116, 186, 198, 245, 272, 297, 299], [0, 11, 24, 65, 90, 129, 173, 212, 237, 278, 291, 302], p=10670540431751791270596270975819363077804785432484242494118980300911889566310178594861749976155781055139610338627336591060888477533076948993556777682351577, p prime? False
6, x=513703683388920, solution: [3, 5, 30, 57, 104, 116, 186, 198, 245, 272, 297, 299], [0, 11, 24, 65, 90, 129, 173, 212, 237, 278, 291, 302], p=10015270742255498674756648348739240409709368603398757878667519683145300435595604469500601477187854510921458350937579287789614403641032974723023941520090829, p prime? False
6, x=513704161054128, solution: [3, 5, 30, 57, 104, 116, 186, 198, 245, 272, 297, 299], [0, 11, 24, 65, 90, 129, 173, 212, 237, 278, 291, 302], p=10015382494715203567640478933585161575662358022789519849905044216805323973984470983833994745385465985774799234352839845035179273807302190215536753871523379, p prime? False
6, x=513705363298880, solution: [3, 5, 30, 57, 104, 116, 186, 198, 245, 272, 297, 299], [0, 11, 24, 65, 90, 129, 173, 212, 237, 278, 291, 302], p=10015663771690101640942720357422332794984628330875456135715747673543741268091672070681730056529402205227698340332269049384709177418048085566016567606498249, p prime? False
16, x=522774195714878, solution: [3, 5, 30, 57, 104, 116, 186, 198, 245, 272, 297, 299], [0, 11, 24, 65, 90, 129, 173, 212, 237, 278, 291, 302], p=12356066801932745001285752442674882493347401885449462782795175304336566678442253110928697045585204415700382896941243275973836692247908115650590169834957339, p prime? False
18, x=524590792238153, solution: [3, 5, 30, 57, 104, 116, 186, 198, 245, 272, 297, 299], [0, 11, 24, 65, 90, 129, 173, 212, 237, 278, 291, 302], p=12881264522415989399601044830067068733772718427784832476490402802653287484332802825225367747175010943907784217412743624586226069778582801955720074913571631, p prime? False
8, x=515522315587278, solution: [3, 5, 30, 57, 104, 116, 186, 198, 245, 272, 297, 299], [0, 11, 24, 65, 90, 129, 173, 212, 237, 278, 291, 302], p=10449130926990962170293162370905377198051557427701630874308381517988749141304262912088350791044132446343849654197320873271504232189596645068852640989469661, p prime? False
19, x=525504073328649, solution: [3, 5, 30, 57, 104, 116, 186, 198, 245, 272, 297, 299], [0, 11, 24, 65, 90, 129, 173, 212, 237, 278, 291, 302], p=13152962373879905414356650964801791565076183084997854083210036167448904767393210969352099362783854780982811433162855735442535448002731158355586577282528911, p prime? False
12, x=519159666221025, solution: [3, 5, 30, 57, 104, 116, 186, 198, 245, 272, 297, 299], [0, 11, 24, 65, 90, 129, 173, 212, 237, 278, 291, 302], p=11368989665041192081269032140678152778856057735845113088556115306976742255260978855406636261164879355953230703552953171988622480944494620611890612552209441, p prime? False
5, x=512813926088805, solution: [3, 5, 30, 57, 104, 116, 186, 198, 245, 272, 297, 299], [0, 11, 24, 65, 90, 129, 173, 212, 237, 278, 291, 302], p=9809079689672598369818851242835676771434576188362649032859023931359035046365439823361451903788669050838772970295190180024712762006858632471602378323257199, p prime? False
17, x=523697804576757, solution: [3, 5, 30, 57, 104, 116, 186, 198, 245, 272, 297, 299], [0, 11, 24, 65, 90, 129, 173, 212, 237, 278, 291, 302], p=12620587624344081243516982041179337018322559889647223408527494548119093503350186311127825878849528634515257209307688805504363531596445677375521363635844479, p prime? False
10, x=517356916620912, solution: [3, 5, 30, 57, 104, 116, 186, 198, 245, 272, 297, 299], [0, 11, 24, 65, 90, 129, 173, 212, 237, 278, 291, 302], p=10904196081643772979247745362709461310282625800898221983750685942689217098783105305502056209423710022515965257260460992090940839054519590748078004207564651, p prime? False
17, x=523705196921216, solution: [3, 5, 30, 57, 104, 116, 186, 198, 245, 272, 297, 299], [0, 11, 24, 65, 90, 129, 173, 212, 237, 278, 291, 302], p=12622725566653022844352262807062423091786852264132641763350665747874978180687750456119955489653577445433135381151265072817934178431048809668674012739965873, p prime? False
8, x=515551641903974, solution: [3, 5, 30, 57, 104, 116, 186, 198, 245, 272, 297, 299], [0, 11, 24, 65, 90, 129, 173, 212, 237, 278, 291, 302], p=10456266146735127879991694057754989732381556904806592863505286035005090730644051029530846758583686755085734403882063995962975073147062292200081492162150155, p prime? False
10, x=517366233446702, solution: [3, 5, 30, 57, 104, 116, 186, 198, 245, 272, 297, 299], [0, 11, 24, 65, 90, 129, 173, 212, 237, 278, 291, 302], p=10906552734585442186799877536410327039782784183704244032097342538069762464597536701628197494792607289702619819628448142309100096127715911200588626059055361, p prime? False
16, x=522808142390129, solution: [3, 5, 30, 57, 104, 116, 186, 198, 245, 272, 297, 299], [0, 11, 24, 65, 90, 129, 173, 212, 237, 278, 291, 302], p=12365698430125532052160566073436725519932890447383123596643336966235048434014275926878376061451144835458473536387206202679852986135554182075333843761242201, p prime? False
13, x=520088020675886, solution: [3, 5, 30, 57, 104, 116, 186, 198, 245, 272, 297, 299], [0, 11, 24, 65, 90, 129, 173, 212, 237, 278, 291, 302], p=11615361888103699102941001798605137143393191084471767565008973346019957307545381181033879689691816679273117780446846078295329323663907147659560399216512641, p prime? False
13, x=520092991155105, solution: [3, 5, 30, 57, 104, 116, 186, 198, 245, 272, 297, 299], [0, 11, 24, 65, 90, 129, 173, 212, 237, 278, 291, 302], p=11616694053753730328818839494004220861333837081475225558290692801021977710329931808568021140644661660238832603399047402068480690950916829496579083060780449, p prime? False
7, x=514656255991800, solution: [3, 5, 30, 57, 104, 116, 186, 198, 245, 272, 297, 299], [0, 11, 24, 65, 90, 129, 173, 212, 237, 278, 291, 302], p=10240416308616603699169810203645381281458006423557429693543334479033018265429209977770851300662522966760017170473932033290837351682031625178532815183354381, p prime? False
3, x=511031625372570, solution: [3, 5, 30, 57, 104, 116, 186, 198, 245, 272, 297, 299], [0, 11, 24, 65, 90, 129, 173, 212, 237, 278, 291, 302], p=9407708806456687076358575750605653708348688202515436143645933407774280338608240178044898880495327375852265517179191604204525880480040471797448361828705669, p prime? False
14, x=521008906297547, solution: [3, 5, 30, 57, 104, 116, 186, 198, 245, 272, 297, 299], [0, 11, 24, 65, 90, 129, 173, 212, 237, 278, 291, 302], p=11864578256258713222030164422773905488196112507380214570500528897522178326777934954776282352322642437010276368389118079116764510605348305834486550723387749, p prime? False
3, x=511045764678804, solution: [3, 5, 30, 57, 104, 116, 186, 198, 245, 272, 297, 299], [0, 11, 24, 65, 90, 129, 173, 212, 237, 278, 291, 302], p=9410832810055114057057112844238713994798258051105956133966778710001269771369444418066488873337864414274953171424658133524931378186771177677818690982110805, p prime? False
6, x=513766907702670, solution: [3, 5, 30, 57, 104, 116, 186, 198, 245, 272, 297, 299], [0, 11, 24, 65, 90, 129, 173, 212, 237, 278, 291, 302], p=10030072366876664246149460064625019718859182330423070674286873517076826683051673458614144316566591041727775423030381299612112002129619228651402488044677829, p prime? False
10, x=517397189152154, solution: [3, 5, 30, 57, 104, 116, 186, 198, 245, 272, 297, 299], [0, 11, 24, 65, 90, 129, 173, 212, 237, 278, 291, 302], p=10914386206642722222294676675769182339443348573064911484905126040791567867042836055975526310121356554209791935790626822907307723878907558184368787493837733, p prime? False
8, x=515587896760136, solution: [3, 5, 30, 57, 104, 116, 186, 198, 245, 272, 297, 299], [0, 11, 24, 65, 90, 129, 173, 212, 237, 278, 291, 302], p=10465093283746895160812498302916018879914089904132914137917901142210568749817671421753757242358120679582787493959574922857869362050757453003758159803749371, p prime? False
11, x=518306459827161, solution: [3, 5, 30, 57, 104, 116, 186, 198, 245, 272, 297, 299], [0, 11, 24, 65, 90, 129, 173, 212, 237, 278, 291, 302], p=11146794553952555716791263720075942351046335843292143426659255467053135486909889582105725037527070471891072846486173786800570955686765381665533688852244175, p prime? False
2, x=510155090218512, solution: [3, 5, 30, 57, 104, 116, 186, 198, 245, 272, 297, 299], [0, 11, 24, 65, 90, 129, 173, 212, 237, 278, 291, 302], p=9215888863614161167681584841113203312263123762697423982512470552350008089424351756976420044497632084024626430555220185191655900326440723021069653398795551, p prime? False
18, x=524670230317673, solution: [3, 5, 30, 57, 104, 116, 186, 198, 245, 272, 297, 299], [0, 11, 24, 65, 90, 129, 173, 212, 237, 278, 291, 302], p=12904691138206536752386249729869369607678337151635483034770423218042385388164905243287920221714147264163037102189310050287181086923905637046121627311176351, p prime? False
17, x=523764191329041, solution: [3, 5, 30, 57, 104, 116, 186, 198, 245, 272, 297, 299], [0, 11, 24, 65, 90, 129, 173, 212, 237, 278, 291, 302], p=12639799258546305604945326084092849121820473445459379443331310415139241136913295782787552847534407523601417468971509995041687507704705201281350611061477401, p prime? False
12, x=519236007823497, solution: [3, 5, 30, 57, 104, 116, 186, 198, 245, 272, 297, 299], [0, 11, 24, 65, 90, 129, 173, 212, 237, 278, 291, 302], p=11389067400046921925686320999212151392116088798097120685996724757198608695215636831705997863106208734765478281381863984811178226883992271257721342682773199, p prime? False
2, x=510168612031545, solution: [3, 5, 30, 57, 104, 116, 186, 198, 245, 272, 297, 299], [0, 11, 24, 65, 90, 129, 173, 212, 237, 278, 291, 302], p=9218820529607175793003661989908774210893442988243233460302817104967671061385757989117418353149124367779092752893325044788194115362845940838090825630241279, p prime? False
13, x=520147070167997, solution: [3, 5, 30, 57, 104, 116, 186, 198, 245, 272, 297, 299], [0, 11, 24, 65, 90, 129, 173, 212, 237, 278, 291, 302], p=11631197123475419866210733829581421492098791484204716343260858070387781201050950391257950644821764774711618388675915130446847116382728702228676952019535449, p prime? False
4, x=511987995503949, solution: [3, 5, 30, 57, 104, 116, 186, 198, 245, 272, 297, 299], [0, 11, 24, 65, 90, 129, 173, 212, 237, 278, 291, 302], p=9621169732695482411582008907538709389965016935854757017547373518343085410634519408467148045624143612781955817828868005653630371615695210727671692940145697, p prime? False
6, x=513806819938040, solution: [3, 5, 30, 57, 104, 116, 186, 198, 245, 272, 297, 299], [0, 11, 24, 65, 90, 129, 173, 212, 237, 278, 291, 302], p=10039426656379695092049521608140340569821515677690517536260315410541232689618679917039839770697199571137466599291817929587695673014787702470225290754264301, p prime? False
13, x=520153654264442, solution: [3, 5, 30, 57, 104, 116, 186, 198, 245, 272, 297, 299], [0, 11, 24, 65, 90, 129, 173, 212, 237, 278, 291, 302], p=11632963998879638230855412266387577625278339409254770254431751514133328355004319006872785251737597399176431706902459634365695506688416280144352391875449995, p prime? False
18, x=524693024696624, solution: [3, 5, 30, 57, 104, 116, 186, 198, 245, 272, 297, 299], [0, 11, 24, 65, 90, 129, 173, 212, 237, 278, 291, 302], p=12911420501550001804566703390486141120047515416862749647239279474687067014131063159184583195060765957671868614685643209790797621844002595209577952435162723, p prime? False
16, x=522885164559717, solution: [3, 5, 30, 57, 104, 116, 186, 198, 245, 272, 297, 299], [0, 11, 24, 65, 90, 129, 173, 212, 237, 278, 291, 302], p=12387577317521431004998308735799852949308350370865526138880654144741987645435130745705580999744301748421359307036478120332990916846904571151347824380686575, p prime? False
11, x=518347257589686, solution: [3, 5, 30, 57, 104, 116, 186, 198, 245, 272, 297, 299], [0, 11, 24, 65, 90, 129, 173, 212, 237, 278, 291, 302], p=11157327964035585582949129811650837501010423040591143589864438205646286487112062166458249999925798275312812331352735515936403087785274450267358406749556669, p prime? False
4, x=512011611937773, solution: [3, 5, 30, 57, 104, 116, 186, 198, 245, 272, 297, 299], [0, 11, 24, 65, 90, 129, 173, 212, 237, 278, 291, 302], p=9626496624119510011199779011387012284570808213291522294148438156870429273658087916718048580692236730882241906879795219247723371791419781702530083999744513, p prime? False
12, x=519272471549928, solution: [3, 5, 30, 57, 104, 116, 186, 198, 245, 272, 297, 299], [0, 11, 24, 65, 90, 129, 173, 212, 237, 278, 291, 302], p=11398668774466378164986964952887000455085096542316755394166225809691564731549643504669671771229398940620693996980032616281394274948840357917154944639493423, p prime? False
7, x=514741177800905, solution: [3, 5, 30, 57, 104, 116, 186, 198, 245, 272, 297, 299], [0, 11, 24, 65, 90, 129, 173, 212, 237, 278, 291, 302], p=10260711587166925330729575518335051113271597404967414202337511946265721826701743890067227021032009772101890967067760869458564034150380645197456734330245999, p prime? False
7, x=514747381548182, solution: [3, 5, 30, 57, 104, 116, 186, 198, 245, 272, 297, 299], [0, 11, 24, 65, 90, 129, 173, 212, 237, 278, 291, 302], p=10262195651406639633696607225962684888809513848561320624962090716227276958338403533039539130481975419559914772346015231870509792874508910511012120519279249, p prime? False
7, x=514747403598315, solution: [3, 5, 30, 57, 104, 116, 186, 198, 245, 272, 297, 299], [0, 11, 24, 65, 90, 129, 173, 212, 237, 278, 291, 302], p=10262200926603920703174339959292144055170536906276893839438519162515684566513495534793122761540063404630320172280619743586894379734539195227475705702949251, p prime? False
16, x=522912594747062, solution: [3, 5, 30, 57, 104, 116, 186, 198, 245, 272, 297, 299], [0, 11, 24, 65, 90, 129, 173, 212, 237, 278, 291, 302], p=12395377690821138837130150594899417327390686244322991365967352592943470385119858150731959012368586556852411017445393109405165373139520764465132231113902301, p prime? False
10, x=517466719813761, solution: [3, 5, 30, 57, 104, 116, 186, 198, 245, 272, 297, 299], [0, 11, 24, 65, 90, 129, 173, 212, 237, 278, 291, 302], p=10932000039914080232387039242319295177669297057539537884564725563895819936122471615010004157862262292727555393098596575972337337261318130749714509828915201, p prime? False
17, x=523816885104785, solution: [3, 5, 30, 57, 104, 116, 186, 198, 245, 272, 297, 299], [0, 11, 24, 65, 90, 129, 173, 212, 237, 278, 291, 302], p=12655067367893330732992874517253382294632932223502353692059530379103224207952396081134301276524323354839733713964025583495622233414355068190280793556005785, p prime? False
15, x=522006772854597, solution: [3, 5, 30, 57, 104, 116, 186, 198, 245, 272, 297, 299], [0, 11, 24, 65, 90, 129, 173, 212, 237, 278, 291, 302], p=12140153876429844897926197057265572991646924657620079633518115444843849656002517123240710659810743992177924268328552398881272694567287510139693588102965599, p prime? False
18, x=524734412212442, solution: [3, 5, 30, 57, 104, 116, 186, 198, 245, 272, 297, 299], [0, 11, 24, 65, 90, 129, 173, 212, 237, 278, 291, 302], p=12923647159492432170929450762399434621843629312452336635403487017256534337688996504371825640672280808878083389940877346324325901935249560305596174664626345, p prime? False
15, x=522008373149067, solution: [3, 5, 30, 57, 104, 116, 186, 198, 245, 272, 297, 299], [0, 11, 24, 65, 90, 129, 173, 212, 237, 278, 291, 302], p=12140600494742906871988853055292213385483200322967042005970219708888126985533532834768729034045083799368845487237154114971623385805998173518079715533721545, p prime? False
3, x=511147697948852, solution: [3, 5, 30, 57, 104, 116, 186, 198, 245, 272, 297, 299], [0, 11, 24, 65, 90, 129, 173, 212, 237, 278, 291, 302], p=9433382571779482164355107366774537601476597755426123896109069201611365652019546095916143749009235912092229623760897541180472194111174112134687511327480171, p prime? False
13, x=520231222886952, solution: [3, 5, 30, 57, 104, 116, 186, 198, 245, 272, 297, 299], [0, 11, 24, 65, 90, 129, 173, 212, 237, 278, 291, 302], p=11653798460984302109857061911375230149027182530274571953147985753111577245400271407060282391841765293196815564582470220107624654598148233952878337107922711, p prime? False
4, x=512073699580677, solution: [3, 5, 30, 57, 104, 116, 186, 198, 245, 272, 297, 299], [0, 11, 24, 65, 90, 129, 173, 212, 237, 278, 291, 302], p=9640513929686306270526509075130280342879433915606869416887908382716477946785495176677496536889319250608666531275381090118028435217238888260910356783361151, p prime? False
14, x=521147710931886, solution: [3, 5, 30, 57, 104, 116, 186, 198, 245, 272, 297, 299], [0, 11, 24, 65, 90, 129, 173, 212, 237, 278, 291, 302], p=11902564717167945800574744176662208192251564508198061110856306326797010844099571956771442239204793049943645421302198768113292735860557411983656774996471601, p prime? False
18, x=524790060234179, solution: [3, 5, 30, 57, 104, 116, 186, 198, 245, 272, 297, 299], [0, 11, 24, 65, 90, 129, 173, 212, 237, 278, 291, 302], p=12940103370623627631320836777424563308165248639577860198362978854906294811870579631672796499140138769314886011957967842633178875779021742993951494165964235, p prime? False
18, x=524794634229630, solution: [3, 5, 30, 57, 104, 116, 186, 198, 245, 272, 297, 299], [0, 11, 24, 65, 90, 129, 173, 212, 237, 278, 291, 302], p=12941456844688639208858586181204529460056518691952239907284688549385534814434053294436806600760642365473454287027092440555931501199905465864825707507736499, p prime? False
13, x=520262424737561, solution: [3, 5, 30, 57, 104, 116, 186, 198, 245, 272, 297, 299], [0, 11, 24, 65, 90, 129, 173, 212, 237, 278, 291, 302], p=11662188731348609255354078226549924249173914925984448833135963056149518202550379584627379623078771292111735321865107500671931788960771361750866636112584879, p prime? False
12, x=519363719314310, solution: [3, 5, 30, 57, 104, 116, 186, 198, 245, 272, 297, 299], [0, 11, 24, 65, 90, 129, 173, 212, 237, 278, 291, 302], p=11422728024743231377766080551973885632551806843619322804587816050501614926867581201680573171909161009346594712269328021273432406173378509187666982150086855, p prime? False
13, x=520267764234845, solution: [3, 5, 30, 57, 104, 116, 186, 198, 245, 272, 297, 299], [0, 11, 24, 65, 90, 129, 173, 212, 237, 278, 291, 302], p=11663625092781171662103555582073422993936440449864225120855098128799437044528558900327144505927786313098678794625920448990474842794686682462853991692824409, p prime? False
9, x=516642995052137, solution: [3, 5, 30, 57, 104, 116, 186, 198, 245, 272, 297, 299], [0, 11, 24, 65, 90, 129, 173, 212, 237, 278, 291, 302], p=10724994578697689432258479285324300963343843074261206623998847694545904470925121936906569429952833654960274591006613677340212857923681821737377732554939551, p prime? False
17, x=523897163715137, solution: [3, 5, 30, 57, 104, 116, 186, 198, 245, 272, 297, 299], [0, 11, 24, 65, 90, 129, 173, 212, 237, 278, 291, 302], p=12678360729316627484397984172527217771916178111665750102500583771511796075611923185586695151534215703939192563138685796559431223879415799129374247450444801, p prime? False
0, x=508485255713985, solution: [3, 5, 30, 57, 104, 116, 186, 198, 245, 272, 297, 299], [0, 11, 24, 65, 90, 129, 173, 212, 237, 278, 291, 302], p=8860350665987717854451663631543892408227222113142737524726250300500951708919772499835867059703136693632941315665865066142728906678055630759429230609663745, p prime? False
19, x=525721447560377, solution: [3, 5, 30, 57, 104, 116, 186, 198, 245, 272, 297, 299], [0, 11, 24, 65, 90, 129, 173, 212, 237, 278, 291, 302], p=13218399630770875937102823389381840620169602510011069833277624856335048857512141060724875890081582724850970026041681312047601885167720866257163573217597631, p prime? False
11, x=518465387974545, solution: [3, 5, 30, 57, 104, 116, 186, 198, 245, 272, 297, 299], [0, 11, 24, 65, 90, 129, 173, 212, 237, 278, 291, 302], p=11187879052885733516060151202743653572636883357581692888948331623483089905434380425494758732999790213575063805796717991676788191772029852081224623620850329, p prime? False
6, x=513939414204570, solution: [3, 5, 30, 57, 104, 116, 186, 198, 245, 272, 297, 299], [0, 11, 24, 65, 90, 129, 173, 212, 237, 278, 291, 302], p=10070560414283016548290177118195103319483812393541269695671213608722256260236536822700592889135969773237738254146570037124371800590141117129074714845950869, p prime? False
16, x=523008178484049, solution: [3, 5, 30, 57, 104, 116, 186, 198, 245, 272, 297, 299], [0, 11, 24, 65, 90, 129, 173, 212, 237, 278, 291, 302], p=12422594209873809981126264652656388411223268033162031872374437116112474051322572698400009951498497253308948430992695337212025592526364712489139700276313049, p prime? False
15, x=522101510822232, solution: [3, 5, 30, 57, 104, 116, 186, 198, 245, 272, 297, 299], [0, 11, 24, 65, 90, 129, 173, 212, 237, 278, 291, 302], p=12166619791538895429407270704090747348661094615315194563772132999459270168486259529560850771489157730763524061214565282891934049265416774708690120572132969, p prime? False
8, x=515763355690470, solution: [3, 5, 30, 57, 104, 116, 186, 198, 245, 272, 297, 299], [0, 11, 24, 65, 90, 129, 173, 212, 237, 278, 291, 302], p=10507909683078547508068929110600597729708277337072012602108540792182551572004719923841969833558494438408006653584291922414507959527700114476635837301249659, p prime? False
1, x=509423401767305, solution: [3, 5, 30, 57, 104, 116, 186, 198, 245, 272, 297, 299], [0, 11, 24, 65, 90, 129, 173, 212, 237, 278, 291, 302], p=9058519767037599451580356679488851305418468924053592796543522903654805623606004136955123938595466781126523656776250520907465744187129335489049166494949199, p prime? False
10, x=517575861400779, solution: [3, 5, 30, 57, 104, 116, 186, 198, 245, 272, 297, 299], [0, 11, 24, 65, 90, 129, 173, 212, 237, 278, 291, 302], p=10959700856348560298054241911300461463603111838985244884386549865140298270516731737185300152294834787060170760021301590544566521420137797307384171959943973, p prime? False
14, x=521215819153565, solution: [3, 5, 30, 57, 104, 116, 186, 198, 245, 272, 297, 299], [0, 11, 24, 65, 90, 129, 173, 212, 237, 278, 291, 302], p=11921244537459966250804447791836014892215448200122585241482891627061710165136188830845685106416954582253804011986749332496550324061857926729163717601199001, p prime? False
18, x=524849796218891, solution: [3, 5, 30, 57, 104, 116, 186, 198, 245, 272, 297, 299], [0, 11, 24, 65, 90, 129, 173, 212, 237, 278, 291, 302], p=12957789847427985658413339379442699493471873098511627413912706039405163058132526515077206877334998968347600229559510554409249088550350791435262905212002305, p prime? False
2, x=510341119901910, solution: [3, 5, 30, 57, 104, 116, 186, 198, 245, 272, 297, 299], [0, 11, 24, 65, 90, 129, 173, 212, 237, 278, 291, 302], p=9256297081802052641952678709389968150068612872242512119981546347120076126644010102044676974293572445582622834101336648727004244296282181337275019342022985, p prime? False
12, x=519415513286673, solution: [3, 5, 30, 57, 104, 116, 186, 198, 245, 272, 297, 299], [0, 11, 24, 65, 90, 129, 173, 212, 237, 278, 291, 302], p=11436405215867350197681311674959878427026154642992574754727242867878339939347634381441648455880937758095489965037853262175461447288820469507837858290611481, p prime? False
17, x=523951762453941, solution: [3, 5, 30, 57, 104, 116, 186, 198, 245, 272, 297, 299], [0, 11, 24, 65, 90, 129, 173, 212, 237, 278, 291, 302], p=12694225356209951149343108275158134363357907138844711177950816023835186785216604848311932220132846796236190226622468948329338025572252266230539319974014047, p prime? False
5, x=513067655437166, solution: [3, 5, 30, 57, 104, 116, 186, 198, 245, 272, 297, 299], [0, 11, 24, 65, 90, 129, 173, 212, 237, 278, 291, 302], p=9867478309221045601059712720676034774720870096260035438737895140164190726259615305035424110199098844105293015898415935140887008932801121640006067591452601, p prime? False
4, x=512164248336545, solution: [3, 5, 30, 57, 104, 116, 186, 198, 245, 272, 297, 299], [0, 11, 24, 65, 90, 129, 173, 212, 237, 278, 291, 302], p=9660990342035222946141336443016004289729787260164697829735576864781496435351302407735607611011255352057919539039127630523286893846453502945808705269850529, p prime? False
12, x=519431333642273, solution: [3, 5, 30, 57, 104, 116, 186, 198, 245, 272, 297, 299], [0, 11, 24, 65, 90, 129, 173, 212, 237, 278, 291, 302], p=11440585875965996443894748944305906361103679676734876077150911391707174603092986615636142967562783490719363689982218008907979412770117967297431289277966753, p prime? False
7, x=514905510466272, solution: [3, 5, 30, 57, 104, 116, 186, 198, 245, 272, 297, 299], [0, 11, 24, 65, 90, 129, 173, 212, 237, 278, 291, 302], p=10300089838791338039094508544145517889461382486295859479475708326792402919933610326232177862801312784706935787516457144985685590418764199090008049192384749, p prime? False
18, x=524888977338074, solution: [3, 5, 30, 57, 104, 116, 186, 198, 245, 272, 297, 299], [0, 11, 24, 65, 90, 129, 173, 212, 237, 278, 291, 302], p=12969402523333539918696927930705658632456428856770265572691347773134978955848758106341923246937760280089265490354819613501665019737176858535310558756398217, p prime? False
2, x=510374354833016, solution: [3, 5, 30, 57, 104, 116, 186, 198, 245, 272, 297, 299], [0, 11, 24, 65, 90, 129, 173, 212, 237, 278, 291, 302], p=9263533244307044399905160918168913116235162540635280480665176509944812524129935307082782153935404363884786440499623063815221747745933301456798986850263645, p prime? False
17, x=523977689705187, solution: [3, 5, 30, 57, 104, 116, 186, 198, 245, 272, 297, 299], [0, 11, 24, 65, 90, 129, 173, 212, 237, 278, 291, 302], p=12701765347124844356797835245478325460921283959299476067924234229020167802952524765902744276823355343520938190218908531415978680747032518772290997282112301, p prime? False
5, x=513094410017192, solution: [3, 5, 30, 57, 104, 116, 186, 198, 245, 272, 297, 299], [0, 11, 24, 65, 90, 129, 173, 212, 237, 278, 291, 302], p=9873654710284867800199650249659125747229135083775838614337111422460277359599198161500033700860734405277072817638931393311996057702770280401287976335188295, p prime? False
13, x=520359743769123, solution: [3, 5, 30, 57, 104, 116, 186, 198, 245, 272, 297, 299], [0, 11, 24, 65, 90, 129, 173, 212, 237, 278, 291, 302], p=11688393690525261604536951002393016931924521125193460852830992561598229525327748391861042044987104235512467544388545635625290951959784357331739837707681745, p prime? False
11, x=518549764454766, solution: [3, 5, 30, 57, 104, 116, 186, 198, 245, 272, 297, 299], [0, 11, 24, 65, 90, 129, 173, 212, 237, 278, 291, 302], p=11209747573891801584657116808745290395822587128473528970765258130003796769208138838660136628623067884335836469274039844314902165174385518748937729991593465, p prime? False
17, x=524003265884675, solution: [3, 5, 30, 57, 104, 116, 186, 198, 245, 272, 297, 299], [0, 11, 24, 65, 90, 129, 173, 212, 237, 278, 291, 302], p=12709207263788042222462071403509459736230353075512834899591653726984387457439991775198689043457019941694166553158310461027614081277790630639306697131075231, p prime? False
2, x=510401013278403, solution: [3, 5, 30, 57, 104, 116, 186, 198, 245, 272, 297, 299], [0, 11, 24, 65, 90, 129, 173, 212, 237, 278, 291, 302], p=9269341271685301241769773067697543075003564267192090774253479058974642650770940135683807424526737856042186652125308097851462172439366063598252395788132251, p prime? False
5, x=513126557199632, solution: [3, 5, 30, 57, 104, 116, 186, 198, 245, 272, 297, 299], [0, 11, 24, 65, 90, 129, 173, 212, 237, 278, 291, 302], p=9881080702237196159792829432276694120134204245580994643153935021290225678664621404992465563453891357616199601572049317850522790123641629429507233103914879, p prime? False
0, x=508604732025590, solution: [3, 5, 30, 57, 104, 116, 186, 198, 245, 272, 297, 299], [0, 11, 24, 65, 90, 129, 173, 212, 237, 278, 291, 302], p=8885365459256042753495160699415535072859298561770576189741091816761588667312041341195611316366304444076976030404916777968748343621409541987060611718540501, p prime? False
12, x=519494444740724, solution: [3, 5, 30, 57, 104, 116, 186, 198, 245, 272, 297, 299], [0, 11, 24, 65, 90, 129, 173, 212, 237, 278, 291, 302], p=11457277452007579747153819624981252549827295268273939116650592348211379905387839308841942670564111154129266275920570625044036851178972443670580462924303615, p prime? False
13, x=520402615355790, solution: [3, 5, 30, 57, 104, 116, 186, 198, 245, 272, 297, 299], [0, 11, 24, 65, 90, 129, 173, 212, 237, 278, 291, 302], p=11699954779588990602242601900930579516882736017260590194421370835715902012494801487746168373590609782582459662412757057977145114249815960925913610632767301, p prime? False
5, x=513156986414577, solution: [3, 5, 30, 57, 104, 116, 186, 198, 245, 272, 297, 299], [0, 11, 24, 65, 90, 129, 173, 212, 237, 278, 291, 302], p=9888114560322157182745053337508729695795490503354491954048594879587009335991179976047131619558408652833752454820543225371559233692755783040832545583628761, p prime? False
12, x=519512369511341, solution: [3, 5, 30, 57, 104, 116, 186, 198, 245, 272, 297, 299], [0, 11, 24, 65, 90, 129, 173, 212, 237, 278, 291, 302], p=11462022250733561010999960569545571721398590438550435335260934345037045097337967198535222523282628972160882077892406728594892244975967298479382124805975553, p prime? False
14, x=521324734161387, solution: [3, 5, 30, 57, 104, 116, 186, 198, 245, 272, 297, 299], [0, 11, 24, 65, 90, 129, 173, 212, 237, 278, 291, 302], p=11951172157139763756866741310488278376209926087611954570824017177286674045983881366309430360993066986054450010639325037770941752931859991994926881654946051, p prime? False
5, x=513164566942040, solution: [3, 5, 30, 57, 104, 116, 186, 198, 245, 272, 297, 299], [0, 11, 24, 65, 90, 129, 173, 212, 237, 278, 291, 302], p=9889867549361489000006489325817223073479637191518791389504622139178323061653408289822659588149535858127390752283808183212584203763176602595834369222589801, p prime? False
16, x=523143862226430, solution: [3, 5, 30, 57, 104, 116, 186, 198, 245, 272, 297, 299], [0, 11, 24, 65, 90, 129, 173, 212, 237, 278, 291, 302], p=12461322885913539218907706373262430225410436805922694712525169451989634482414064069155091438689337603663685967790853102068182339290308559586531633468353699, p prime? False
1, x=509553600892985, solution: [3, 5, 30, 57, 104, 116, 186, 198, 245, 272, 297, 299], [0, 11, 24, 65, 90, 129, 173, 212, 237, 278, 291, 302], p=9086341119374263614083202012759636528893037430030937728298024235394519763250049115108882450398946511662571703248202737646713560735202983619051923340957695, p prime? False
8, x=515907204063600, solution: [3, 5, 30, 57, 104, 116, 186, 198, 245, 272, 297, 299], [0, 11, 24, 65, 90, 129, 173, 212, 237, 278, 291, 302], p=10543132035047419399772883095352320605772801651172900179066172071620659668537029168130895466670868828112778883999457385544599057681617735038343525821857611, p prime? False
6, x=514093354992390, solution: [3, 5, 30, 57, 104, 116, 186, 198, 245, 272, 297, 299], [0, 11, 24, 65, 90, 129, 173, 212, 237, 278, 291, 302], p=10106817446750038334403984055595237338319074016723859532121791583920752362081913017075197582638210230791276135612215816141992020691554570708369364017152151, p prime? False
15, x=522249850534932, solution: [3, 5, 30, 57, 104, 116, 186, 198, 245, 272, 297, 299], [0, 11, 24, 65, 90, 129, 173, 212, 237, 278, 291, 302], p=12208166099336030698575889487263281587915034274534414403519919328087310831217586599838665543256160198356167526271387274738601545428293565690662463501597949, p prime? False
1, x=509558442278157, solution: [3, 5, 30, 57, 104, 116, 186, 198, 245, 272, 297, 299], [0, 11, 24, 65, 90, 129, 173, 212, 237, 278, 291, 302], p=9087377150346277908052704855601366196505942097616809117517509233764524126457627058356151903666059804849897752665983614996258343663792346999856088935709089, p prime? False
19, x=525904379266565, solution: [3, 5, 30, 57, 104, 116, 186, 198, 245, 272, 297, 299], [0, 11, 24, 65, 90, 129, 173, 212, 237, 278, 291, 302], p=13273699580189085977187927505474202421957350006833078078578667282385427892953233964285300150415479576022932482582409644670415974736566875310103875432554751, p prime? False
12, x=519554088585257, solution: [3, 5, 30, 57, 104, 116, 186, 198, 245, 272, 297, 299], [0, 11, 24, 65, 90, 129, 173, 212, 237, 278, 291, 302], p=11473072525717638714143628477238913794909725620525451319358940116635421501798845181581013374770006773945538278024446668625040450109834968475030241849962879, p prime? False
14, x=521366511684629, solution: [3, 5, 30, 57, 104, 116, 186, 198, 245, 272, 297, 299], [0, 11, 24, 65, 90, 129, 173, 212, 237, 278, 291, 302], p=11962670030843150408610654846079011217412620635211975014108083930109413134990034223281823343233833577458905481194695974006858960419747992319808725401467311, p prime? False
15, x=522281715915704, solution: [3, 5, 30, 57, 104, 116, 186, 198, 245, 272, 297, 299], [0, 11, 24, 65, 90, 129, 173, 212, 237, 278, 291, 302], p=12217107760564594746608825303464124965718212446572274000730218705913474298758254780606874687963930696345426660716291306013545274452059507625918310778278917, p prime? False
17, x=524108537778452, solution: [3, 5, 30, 57, 104, 116, 186, 198, 245, 272, 297, 299], [0, 11, 24, 65, 90, 129, 173, 212, 237, 278, 291, 302], p=12739880392607093507349329611136809369085892121679635097775157855090859948287916803047597231469586601548730409886724291330740737965527299732901146068798061, p prime? False
16, x=523225408586886, solution: [3, 5, 30, 57, 104, 116, 186, 198, 245, 272, 297, 299], [0, 11, 24, 65, 90, 129, 173, 212, 237, 278, 291, 302], p=12484652159134023340102746172339778972204812024590043672334061115187762211363746034473483373333389498508891379788264054709557223966574857187869965607770151, p prime? False
17, x=524134005127317, solution: [3, 5, 30, 57, 104, 116, 186, 198, 245, 272, 297, 299], [0, 11, 24, 65, 90, 129, 173, 212, 237, 278, 291, 302], p=12747311014628160840871369595109210386025859281271338761695591385064483412553373054994986793112783114664928800435844215428635379452014900143268415119731695, p prime? False
9, x=516882026596611, solution: [3, 5, 30, 57, 104, 116, 186, 198, 245, 272, 297, 299], [0, 11, 24, 65, 90, 129, 173, 212, 237, 278, 291, 302], p=10784691017418917288619781991584982393980525199874263970724708907776089090399413757492599519216710397301409929930327667718568019494719799914805848704145487, p prime? False
10, x=517784851371857, solution: [3, 5, 30, 57, 104, 116, 186, 198, 245, 272, 297, 299], [0, 11, 24, 65, 90, 129, 173, 212, 237, 278, 291, 302], p=11012923457648451517214591973653713310066375196488223360917228361160865356011830378412470865729422905702584957879286812316131695250619990903493087128260569, p prime? False
6, x=514181323915454, solution: [3, 5, 30, 57, 104, 116, 186, 198, 245, 272, 297, 299], [0, 11, 24, 65, 90, 129, 173, 212, 237, 278, 291, 302], p=10127590088012622180465027999010511536394987632723951327864282644184193039700469851071248419383046216391911326398379376808705176187020075788422859272139947, p prime? False
3, x=511458602517824, solution: [3, 5, 30, 57, 104, 116, 186, 198, 245, 272, 297, 299], [0, 11, 24, 65, 90, 129, 173, 212, 237, 278, 291, 302], p=9502467415118763015226817017331807248748189517456409755010338442520507378812757778811987843547417365377279380343212538875869626028864298312205407677751337, p prime? False
15, x=522344925667725, solution: [3, 5, 30, 57, 104, 116, 186, 198, 245, 272, 297, 299], [0, 11, 24, 65, 90, 129, 173, 212, 237, 278, 291, 302], p=12234862651986221595758576196843930393107757196097248532936966235144300025928639029288855565111449709983343178581349174563907555376719847420095274213100961, p prime? False
7, x=515096299680624, solution: [3, 5, 30, 57, 104, 116, 186, 198, 245, 272, 297, 299], [0, 11, 24, 65, 90, 129, 173, 212, 237, 278, 291, 302], p=10345981501303647631398551644951988544275479356605134986581335371425089120237643424927429224480637992299651321684256753714653992188741092575456760637259403, p prime? False
7, x=515097402231962, solution: [3, 5, 30, 57, 104, 116, 186, 198, 245, 272, 297, 299], [0, 11, 24, 65, 90, 129, 173, 212, 237, 278, 291, 302], p=10346247248350447148005686764216911089030990541770161965635513565219150414513027682668699152381184212961560611610836712053065457051216865162010032210204501, p prime? False
11, x=518716436937737, solution: [3, 5, 30, 57, 104, 116, 186, 198, 245, 272, 297, 299], [0, 11, 24, 65, 90, 129, 173, 212, 237, 278, 291, 302], p=11253060591112434206208616942583581864807394515333536080045625558608022779405886240345077546107442586054584836882531254799400090550457181201169878006468751, p prime? False
17, x=524168943650091, solution: [3, 5, 30, 57, 104, 116, 186, 198, 245, 272, 297, 299], [0, 11, 24, 65, 90, 129, 173, 212, 237, 278, 291, 302], p=12757511509931301004666446979089602252166455626773438069736666472070082511211769533786035135194753909598451288222184867576157393404574825811349316783783103, p prime? False
10, x=517810552406490, solution: [3, 5, 30, 57, 104, 116, 186, 198, 245, 272, 297, 299], [0, 11, 24, 65, 90, 129, 173, 212, 237, 278, 291, 302], p=11019484966205862077653584740829228568855500066479644610373751713982486152344824308959244645176709818049532504871174420765715926285754312589233902103175801, p prime? False
13, x=520543457220449, solution: [3, 5, 30, 57, 104, 116, 186, 198, 245, 272, 297, 299], [0, 11, 24, 65, 90, 129, 173, 212, 237, 278, 291, 302], p=11738009127420137275709220104436675053108813979529440583596227117963440170713831902384140023871892097565420610627444735656772246822646629418925738709497377, p prime? False
2, x=510573221347505, solution: [3, 5, 30, 57, 104, 116, 186, 198, 245, 272, 297, 299], [0, 11, 24, 65, 90, 129, 173, 212, 237, 278, 291, 302], p=9306940433233541360635585636070455700113188756280131061542350684969522208682565097217840634229094312857471506162088858596018164793068035978518877153316249, p prime? False
1, x=509677676285880, solution: [3, 5, 30, 57, 104, 116, 186, 198, 245, 272, 297, 299], [0, 11, 24, 65, 90, 129, 173, 212, 237, 278, 291, 302], p=9112926799459881555934545813242643925151090331051749383695296691724315171564867691716733910959134490633674914678787994537423492295321956312125938421167749, p prime? False
7, x=515127933223857, solution: [3, 5, 30, 57, 104, 116, 186, 198, 245, 272, 297, 299], [0, 11, 24, 65, 90, 129, 173, 212, 237, 278, 291, 302], p=10353608594449291817874716754369566552386943853666205429565566178391055770432182779659433182637923137017602219326908552223636423432991668214292997636553369, p prime? False
0, x=508785248057286, solution: [3, 5, 30, 57, 104, 116, 186, 198, 245, 272, 297, 299], [0, 11, 24, 65, 90, 129, 173, 212, 237, 278, 291, 302], p=8923282975064796816405610662346057586295869317818919024951728885131616808123299469415174951980259919753669509586912970447293525705723943022601393641883295, p prime? False
3, x=511510763831097, solution: [3, 5, 30, 57, 104, 116, 186, 198, 245, 272, 297, 299], [0, 11, 24, 65, 90, 129, 173, 212, 237, 278, 291, 302], p=9514103296449664114635004181104541989056684233888798700614931793667529350280282612095208677902850749171845543629975964373840929294442508956011997499305599, p prime? False
10, x=517851963350285, solution: [3, 5, 30, 57, 104, 116, 186, 198, 245, 272, 297, 299], [0, 11, 24, 65, 90, 129, 173, 212, 237, 278, 291, 302], p=11030064774761838524332874778281079892549245224856185169996814984038166566649504154666539972919234104644598484318829831560875811243302085367253618258721185, p prime? False
3, x=511518920247725, solution: [3, 5, 30, 57, 104, 116, 186, 198, 245, 272, 297, 299], [0, 11, 24, 65, 90, 129, 173, 212, 237, 278, 291, 302], p=9515923968902443465350292657008682970799256421795742419059268861478169261375932413105797065050463560320264711267886152021378506211509937086236348440168961, p prime? False
9, x=516966113354520, solution: [3, 5, 30, 57, 104, 116, 186, 198, 245, 272, 297, 299], [0, 11, 24, 65, 90, 129, 173, 212, 237, 278, 291, 302], p=10805763405189191519017168323556619121557561532032706163728464302189434678408221716482415259224447246910706281728007578292739183032600104257882487791137889, p prime? False
12, x=519689745746085, solution: [3, 5, 30, 57, 104, 116, 186, 198, 245, 272, 297, 299], [0, 11, 24, 65, 90, 129, 173, 212, 237, 278, 291, 302], p=11509072045912610596322593172634979903838143758499093059799015027197588967161353929168109947252260124678858208869837610853902614812847162210118655790304975, p prime? False
4, x=512435497128129, solution: [3, 5, 30, 57, 104, 116, 186, 198, 245, 272, 297, 299], [0, 11, 24, 65, 90, 129, 173, 212, 237, 278, 291, 302], p=9722568526627972360952438425351017316605757109766457859465231246031242966778498530231886563210964307808452926096866626097231746753308636712929015292829441, p prime? False
0, x=508810785743147, solution: [3, 5, 30, 57, 104, 116, 186, 198, 245, 272, 297, 299], [0, 11, 24, 65, 90, 129, 173, 212, 237, 278, 291, 302], p=8928659143143217728865963400770430825303121300660306013315034636506193760927970831147504027358622815078364137604411216677971800511787055981921245349695999, p prime? False
8, x=516079259824725, solution: [3, 5, 30, 57, 104, 116, 186, 198, 245, 272, 297, 299], [0, 11, 24, 65, 90, 129, 173, 212, 237, 278, 291, 302], p=10585403303592805082476124104608929101442845410748567822075247856530836932926071927692103577460752629936403688500074209707809204677322768197412867417496911, p prime? False
11, x=518794728536472, solution: [3, 5, 30, 57, 104, 116, 186, 198, 245, 272, 297, 299], [0, 11, 24, 65, 90, 129, 173, 212, 237, 278, 291, 302], p=11273459061809002685584467644946391734694667055211439515064090614716879853916819227975820332026542949649541369566324034813298595272116104398429717709196849, p prime? False
9, x=516990816923787, solution: [3, 5, 30, 57, 104, 116, 186, 198, 245, 272, 297, 299], [0, 11, 24, 65, 90, 129, 173, 212, 237, 278, 291, 302], p=10811961360995513322456835992741531582791835498383629291346198517139341579820694574680431505215983020378593885013652968645600703703615562721818614536093401, p prime? False
4, x=512463384018525, solution: [3, 5, 30, 57, 104, 116, 186, 198, 245, 272, 297, 299], [0, 11, 24, 65, 90, 129, 173, 212, 237, 278, 291, 302], p=9728919687828883486862303565810868269061727770430090389270290490183233153510507173625220209708156637094252588088285513698835965131602103612048116040260441, p prime? False
13, x=520628095742078, solution: [3, 5, 30, 57, 104, 116, 186, 198, 245, 272, 297, 299], [0, 11, 24, 65, 90, 129, 173, 212, 237, 278, 291, 302], p=11760932324261111034432745504972631739788006589764915452656624127719876481661822684295516114056649543242109667501283243568067428226115813190431361931293715, p prime? False
1, x=509750620846920, solution: [3, 5, 30, 57, 104, 116, 186, 198, 245, 272, 297, 299], [0, 11, 24, 65, 90, 129, 173, 212, 237, 278, 291, 302], p=9128589920943237430746735549874048444523767242074529183869083775236433746503400878426748536415680483946813315164250787612673796186159119521335527316896379, p prime? False
2, x=510662897823377, solution: [3, 5, 30, 57, 104, 116, 186, 198, 245, 272, 297, 299], [0, 11, 24, 65, 90, 129, 173, 212, 237, 278, 291, 302], p=9326575313509276594134401944300893635592598715300051829597311746449974507120811386946667621000966380887385878750919098821700510634991443723382050279965081, p prime? False
8, x=516112509887427, solution: [3, 5, 30, 57, 104, 116, 186, 198, 245, 272, 297, 299], [0, 11, 24, 65, 90, 129, 173, 212, 237, 278, 291, 302], p=10593590187240213038729981905397598947782713673129665421779109776043933372941168255672564947420792315948976939166018335093679653016392898467522545022935851, p prime? False
9, x=517021592824805, solution: [3, 5, 30, 57, 104, 116, 186, 198, 245, 272, 297, 299], [0, 11, 24, 65, 90, 129, 173, 212, 237, 278, 291, 302], p=10819687381838331808910408622465319946982027227700942489694988116004281524685511490580729583041008412219290422365595742444955378857250173629853584437089199, p prime? False
9, x=517026967514049, solution: [3, 5, 30, 57, 104, 116, 186, 198, 245, 272, 297, 299], [0, 11, 24, 65, 90, 129, 173, 212, 237, 278, 291, 302], p=10821037169542199102420004858763475587315405398230866392975011046759636184557621606680001930976068466988912043780120379461472244249742046614227771566011649, p prime? False
12, x=519753455607872, solution: [3, 5, 30, 57, 104, 116, 186, 198, 245, 272, 297, 299], [0, 11, 24, 65, 90, 129, 173, 212, 237, 278, 291, 302], p=11526014523387534836924212119967789906300449095760960071987294057271213476467704377942822168217114649758415646658317476282751075820642381295714739994829449, p prime? False
8, x=516134055236792, solution: [3, 5, 30, 57, 104, 116, 186, 198, 245, 272, 297, 299], [0, 11, 24, 65, 90, 129, 173, 212, 237, 278, 291, 302], p=10598898216222955774541277883474526105673938136101256487021275958074263342152401832928669073211140401383881187333764052592384028921167007493172611940502565, p prime? False
8, x=516134199404997, solution: [3, 5, 30, 57, 104, 116, 186, 198, 245, 272, 297, 299], [0, 11, 24, 65, 90, 129, 173, 212, 237, 278, 291, 302], p=10598933742492833422581726812365324617261474837231218475957820765051369474064825288602296790277222444723562264820563400286473529332939748439441840705255199, p prime? False
13, x=520670110650104, solution: [3, 5, 30, 57, 104, 116, 186, 198, 245, 272, 297, 299], [0, 11, 24, 65, 90, 129, 173, 212, 237, 278, 291, 302], p=11772326727499075836960851566414933285142234445175752012209828350490745586053333043477002403411829872116445475308071000855135313121610898991539331607360749, p prime? False
3, x=511605283334357, solution: [3, 5, 30, 57, 104, 116, 186, 198, 245, 272, 297, 299], [0, 11, 24, 65, 90, 129, 173, 212, 237, 278, 291, 302], p=9535221510642768975337832411809129094327673234038115550208985530482888492681608530441271402373726302746040921799615131059185560901444314892479157372914319, p prime? False
17, x=524305644473649, solution: [3, 5, 30, 57, 104, 116, 186, 198, 245, 272, 297, 299], [0, 11, 24, 65, 90, 129, 173, 212, 237, 278, 291, 302], p=12797494023705738332062019264590160952581623647015329141583710357413223893540644125861471665191516451678943806067339015505615434847190311329164279804961561, p prime? False
12, x=519773477364165, solution: [3, 5, 30, 57, 104, 116, 186, 198, 245, 272, 297, 299], [0, 11, 24, 65, 90, 129, 173, 212, 237, 278, 291, 302], p=11531343664367992980841572538688308872827648311859505559882961520089434798397293575561419768323107434219634654456137359624505563745547908239579720304331551, p prime? False
6, x=514340087388998, solution: [3, 5, 30, 57, 104, 116, 186, 198, 245, 272, 297, 299], [0, 11, 24, 65, 90, 129, 173, 212, 237, 278, 291, 302], p=10165178962383592745319677536306502710566811061718840412058235412597756398465136717936349991144774579515233774510101224498582243163207563998832386772636655, p prime? False
12, x=519781189482165, solution: [3, 5, 30, 57, 104, 116, 186, 198, 245, 272, 297, 299], [0, 11, 24, 65, 90, 129, 173, 212, 237, 278, 291, 302], p=11533396982082331353391498348625661869745368766215203880032101150569118490206195141839079460160209097093175371427029029580363474019196343174026467928227551, p prime? False
2, x=510710995830411, solution: [3, 5, 30, 57, 104, 116, 186, 198, 245, 272, 297, 299], [0, 11, 24, 65, 90, 129, 173, 212, 237, 278, 291, 302], p=9337122125736224151449834342218397860617661819065412794466669183991048041206863662980659690111688869981488809630058127880669402918974286779032733211658745, p prime? False
7, x=515253822897440, solution: [3, 5, 30, 57, 104, 116, 186, 198, 245, 272, 297, 299], [0, 11, 24, 65, 90, 129, 173, 212, 237, 278, 291, 302], p=10384012671372676933041395430379684009917698926586377740335058270463458863693679094553108668522153009655762499611640965748046298928804472527879035142784501, p prime? False
2, x=510716703974040, solution: [3, 5, 30, 57, 104, 116, 186, 198, 245, 272, 297, 299], [0, 11, 24, 65, 90, 129, 173, 212, 237, 278, 291, 302], p=9338374518837196999999271844765630566878837825440945980068556382920803484787117814410453914165048094352431570386379688292088365091815952158397171683198801, p prime? False
0, x=508903354837748, solution: [3, 5, 30, 57, 104, 116, 186, 198, 245, 272, 297, 299], [0, 11, 24, 65, 90, 129, 173, 212, 237, 278, 291, 302], p=8948171593451566146032637426735939119242858245251414680920520935186118747856513430328853793925819719478214577210778055996258290819942871263844791244963255, p prime? False
19, x=526144832441877, solution: [3, 5, 30, 57, 104, 116, 186, 198, 245, 272, 297, 299], [0, 11, 24, 65, 90, 129, 173, 212, 237, 278, 291, 302], p=13346710760862428569408471437572874383550494553528954676877405460871162678580694396558049770250557609511694528103364113006272415136097279804840908193133231, p prime? False
12, x=519794561189720, solution: [3, 5, 30, 57, 104, 116, 186, 198, 245, 272, 297, 299], [0, 11, 24, 65, 90, 129, 173, 212, 237, 278, 291, 302], p=11536957935132776081907246699404371387577352331707894159075070577876751175378518826324147148211310388712432232557456468751881965281193106645119815538055209, p prime? False
13, x=520699720052342, solution: [3, 5, 30, 57, 104, 116, 186, 198, 245, 272, 297, 299], [0, 11, 24, 65, 90, 129, 173, 212, 237, 278, 291, 302], p=11780362846986655427534661076148153996161938765025815190633462516033077064614672659840972716928530828130097578925091046980520809572959021497481614980362725, p prime? False
0, x=508912135192200, solution: [3, 5, 30, 57, 104, 116, 186, 198, 245, 272, 297, 299], [0, 11, 24, 65, 90, 129, 173, 212, 237, 278, 291, 302], p=8950024414588409889319882318365610847406979569253353070768017903358441533571611282823920947149672827719611833036197924865599525915129991333999901873074371, p prime? False
10, x=517971971555453, solution: [3, 5, 30, 57, 104, 116, 186, 198, 245, 272, 297, 299], [0, 11, 24, 65, 90, 129, 173, 212, 237, 278, 291, 302], p=11060777491996939587732331500096542815662126794399290477892203830357012063941034729550225798058323610506976664366621804173951754597145080887231707540786585, p prime? False
5, x=513458894853357, solution: [3, 5, 30, 57, 104, 116, 186, 198, 245, 272, 297, 299], [0, 11, 24, 65, 90, 129, 173, 212, 237, 278, 291, 302], p=9958151237506533194389596855062595168096658478825279987522999507270782829478545520994590449093732973752374568653177523891429946299259148465311128350087169, p prime? False
5, x=513469352368425, solution: [3, 5, 30, 57, 104, 116, 186, 198, 245, 272, 297, 299], [0, 11, 24, 65, 90, 129, 173, 212, 237, 278, 291, 302], p=9960585298351503228029299598744951823501656075644266473876075319877281646139726471524281993029515529856874750416022902038134267821153168173693608358239231, p prime? False
19, x=526173953692203, solution: [3, 5, 30, 57, 104, 116, 186, 198, 245, 272, 297, 299], [0, 11, 24, 65, 90, 129, 173, 212, 237, 278, 291, 302], p=13355578081520581679013880791491759844854926936469044644525685501704470863459052328600632843966766765918642748810782886600152699580778096278003998004227375, p prime? False
1, x=509858590030520, solution: [3, 5, 30, 57, 104, 116, 186, 198, 245, 272, 297, 299], [0, 11, 24, 65, 90, 129, 173, 212, 237, 278, 291, 302], p=9151819053322413871558986218530205377613099205791503043137132319142534336149763838226973752313880485203267557715509668784370345608259117292708478766005989, p prime? False
0, x=508949017927077, solution: [3, 5, 30, 57, 104, 116, 186, 198, 245, 272, 297, 299], [0, 11, 24, 65, 90, 129, 173, 212, 237, 278, 291, 302], p=8957811212349034867829146645806436961676617760884022960022140768237104657644146731970191811156804031130813013200098513421100423370760506689404916029202511, p prime? False
18, x=525285133368825, solution: [3, 5, 30, 57, 104, 116, 186, 198, 245, 272, 297, 299], [0, 11, 24, 65, 90, 129, 173, 212, 237, 278, 291, 302], p=13087354064601071034123175401629368418894223842355027022078168909270232057927685726483269580146276917113147801720857421054140370531096643414181937552701471, p prime? False
10, x=518010586738832, solution: [3, 5, 30, 57, 104, 116, 186, 198, 245, 272, 297, 299], [0, 11, 24, 65, 90, 129, 173, 212, 237, 278, 291, 302], p=11070676617368555724210848999827035423840839724906183232993928820307696894622530042516519634070511052593664083372868233386197994566044935327982106598451759, p prime? False
14, x=521661652519422, solution: [3, 5, 30, 57, 104, 116, 186, 198, 245, 272, 297, 299], [0, 11, 24, 65, 90, 129, 173, 212, 237, 278, 291, 302], p=12044187025684907710229041481709184895317463013695043426642691307662124095611407767395969563678599689068208694404488734721458260770433533010743145739806499, p prime? False
9, x=517130568747732, solution: [3, 5, 30, 57, 104, 116, 186, 198, 245, 272, 297, 299], [0, 11, 24, 65, 90, 129, 173, 212, 237, 278, 291, 302], p=10847085539446972379216388346572941126724140477694005763617502444019183215653478458078612314264694339584756081340958879525384794768878646511988884685011169, p prime? False
19, x=526210486708041, solution: [3, 5, 30, 57, 104, 116, 186, 198, 245, 272, 297, 299], [0, 11, 24, 65, 90, 129, 173, 212, 237, 278, 291, 302], p=13366709896203835600441409239231699117460054276269424039860224053121634437707636410561621773492777204221580942096704149484843913729897892635662225613454511, p prime? False
2, x=510796126391672, solution: [3, 5, 30, 57, 104, 116, 186, 198, 245, 272, 297, 299], [0, 11, 24, 65, 90, 129, 173, 212, 237, 278, 291, 302], p=9355816148700659051640061440899400676699704943594616366140933205827791968821466084194144092358933402872320699667710483870980437363744475484988193779026749, p prime? True
10, x=518043455448725, solution: [3, 5, 30, 57, 104, 116, 186, 198, 245, 272, 297, 299], [0, 11, 24, 65, 90, 129, 173, 212, 237, 278, 291, 302], p=11079109013519968865117194344779718092656493416681851985278053358001546149565297317504517158093222311081720902265619293498512948841972121250996653223107311, p prime? False
3, x=511711526506997, solution: [3, 5, 30, 57, 104, 116, 186, 198, 245, 272, 297, 299], [0, 11, 24, 65, 90, 129, 173, 212, 237, 278, 291, 302], p=9559010398486585294111673787537994149033573725663757763776905013629942787101990980551374580136877600036629357286191472688741022246751693552001907326531199, p prime? False
14, x=521688079827785, solution: [3, 5, 30, 57, 104, 116, 186, 198, 245, 272, 297, 299], [0, 11, 24, 65, 90, 129, 173, 212, 237, 278, 291, 302], p=12051510948638522115926536251370673140650295607467251723304725418736049849231222525643031391235924644519078998159978422521886838589376575135774903660341935, p prime? False
10, x=518046397790900, solution: [3, 5, 30, 57, 104, 116, 186, 198, 245, 272, 297, 299], [0, 11, 24, 65, 90, 129, 173, 212, 237, 278, 291, 302], p=11079864152056313290742228029487901216301922697214152667139503830170049085266454540714462272740730972623044178426381098257205812902697039628286507829292491, p prime? False
2, x=510810245280425, solution: [3, 5, 30, 57, 104, 116, 186, 198, 245, 272, 297, 299], [0, 11, 24, 65, 90, 129, 173, 212, 237, 278, 291, 302], p=9358919863956072891542428242011156125231638927441053326227789480804902154582626761284284829845909562969234180115863658774853286988372518753882264596010431, p prime? False
9, x=517177990216704, solution: [3, 5, 30, 57, 104, 116, 186, 198, 245, 272, 297, 299], [0, 11, 24, 65, 90, 129, 173, 212, 237, 278, 291, 302], p=10859027844326168397792311643314659828822167176457782384022928853588894291828400404125035724036752886750819049031959920593644089018877837748100517815911297, p prime? False
15, x=522619899595104, solution: [3, 5, 30, 57, 104, 116, 186, 198, 245, 272, 297, 299], [0, 11, 24, 65, 90, 129, 173, 212, 237, 278, 291, 302], p=12312375249198289641259061494900641529649196457222717322484962731332687239412956418670880500443893807849601854172894104845615591942316402759530023016988349, p prime? False
6, x=514464161667824, solution: [3, 5, 30, 57, 104, 116, 186, 198, 245, 272, 297, 299], [0, 11, 24, 65, 90, 129, 173, 212, 237, 278, 291, 302], p=10194643792954183806552965780094849284095586506918923219641251318931976374683481713875537443300390263630175820119253507176379500437156363271063865600950587, p prime? False
7, x=515372123910240, solution: [3, 5, 30, 57, 104, 116, 186, 198, 245, 272, 297, 299], [0, 11, 24, 65, 90, 129, 173, 212, 237, 278, 291, 302], p=10412658552813850090301079880887262646314800492929299786668549444232801808404323536329221962003768905472576819628296471243001111279757723866361491366118301, p prime? False
7, x=515373521512880, solution: [3, 5, 30, 57, 104, 116, 186, 198, 245, 272, 297, 299], [0, 11, 24, 65, 90, 129, 173, 212, 237, 278, 291, 302], p=10412997406441319706361504619682654907528111710934839005907916753111388075461363238081427751050493838784798118808635320268069134622640941665357982705688499, p prime? False
3, x=511745452497317, solution: [3, 5, 30, 57, 104, 116, 186, 198, 245, 272, 297, 299], [0, 11, 24, 65, 90, 129, 173, 212, 237, 278, 291, 302], p=9566618212440010382293725794305847114013218459772633854389401949376698795493531121194765453369021102076190804875336064841697060922519418588082192323375695, p prime? False
17, x=524446792082985, solution: [3, 5, 30, 57, 104, 116, 186, 198, 245, 272, 297, 299], [0, 11, 24, 65, 90, 129, 173, 212, 237, 278, 291, 302], p=12838897643612161319779481523702354242080330734121140892995990496665741165809106702342882223671874331516318717128976097852781027741483706622727443512429695, p prime? False
17, x=524450158922253, solution: [3, 5, 30, 57, 104, 116, 186, 198, 245, 272, 297, 299], [0, 11, 24, 65, 90, 129, 173, 212, 237, 278, 291, 302], p=12839886755149300925272097296025953868824548754178407228460772690771507691762870970284569737975841819964190926837302116045261879479787784156923274598567329, p prime? False
11, x=519005550931257, solution: [3, 5, 30, 57, 104, 116, 186, 198, 245, 272, 297, 299], [0, 11, 24, 65, 90, 129, 173, 212, 237, 278, 291, 302], p=11328556387317031573290708456026774474817616990373290306303211373902289308394060449542315861851673959575439252082793247442857323418207929137580402806801279, p prime? False
2, x=510854349118137, solution: [3, 5, 30, 57, 104, 116, 186, 198, 245, 272, 297, 299], [0, 11, 24, 65, 90, 129, 173, 212, 237, 278, 291, 302], p=9368621165476756602237242162968584082253997930372742229208598873727284620070003414050259315956450360798991587061276415345413042654299654137703901044527551, p prime? False
12, x=519924646100912, solution: [3, 5, 30, 57, 104, 116, 186, 198, 245, 272, 297, 299], [0, 11, 24, 65, 90, 129, 173, 212, 237, 278, 291, 302], p=11571652833318368196753869643044350519001282762174529499899111532912349893376063923069465368669469758333675586626736226881673129512919136340954402120289651, p prime? False
13, x=520834320835790, solution: [3, 5, 30, 57, 104, 116, 186, 198, 245, 272, 297, 299], [0, 11, 24, 65, 90, 129, 173, 212, 237, 278, 291, 302], p=11816957506251606945466738318665550461783512542724132614505050488002331941018985690994297116393439421978366297820132211897124708728962848024239030652502301, p prime? False
8, x=516312961316982, solution: [3, 5, 30, 57, 104, 116, 186, 198, 245, 272, 297, 299], [0, 11, 24, 65, 90, 129, 173, 212, 237, 278, 291, 302], p=10643068753353699582925787858743630336941064392751916230067303805478629294029345575677222387333592873743926121520491132778817236615844349410022753433736869, p prime? False
5, x=513591911195016, solution: [3, 5, 30, 57, 104, 116, 186, 198, 245, 272, 297, 299], [0, 11, 24, 65, 90, 129, 173, 212, 237, 278, 291, 302], p=9989152413540635906093670681215467931398242265896941831423848139630376328611212961077795257503667168911357149597237122722375986829188010794118115755840675, p prime? False
8, x=516314590999545, solution: [3, 5, 30, 57, 104, 116, 186, 198, 245, 272, 297, 299], [0, 11, 24, 65, 90, 129, 173, 212, 237, 278, 291, 302], p=10643471883841795874474084530306619526247083941464749291920877298846465070799271311982998716242125393068249146653035817073461455968786738080921711843234079, p prime? False
7, x=515409530875502, solution: [3, 5, 30, 57, 104, 116, 186, 198, 245, 272, 297, 299], [0, 11, 24, 65, 90, 129, 173, 212, 237, 278, 291, 302], p=10421731487924407642847624327238132897158359731873532470524995277005322305089649971374333870352152826148167301036759356960327784384585196511607265686702681, p prime? False
18, x=525393404799345, solution: [3, 5, 30, 57, 104, 116, 186, 198, 245, 272, 297, 299], [0, 11, 24, 65, 90, 129, 173, 212, 237, 278, 291, 302], p=13119761470094558304160056565848693481498555354716281228978195388616077447817135770827986848506688828363109317640069554335199532324465924597360920589099609, p prime? False
4, x=512695380374435, solution: [3, 5, 30, 57, 104, 116, 186, 198, 245, 272, 297, 299], [0, 11, 24, 65, 90, 129, 173, 212, 237, 278, 291, 302], p=9781903819403464565619783028214402788632670124951327136801631869230534514559581200398506187022836459389608016250377691809930793024761689853070953450069705, p prime? False
8, x=516335135290557, solution: [3, 5, 30, 57, 104, 116, 186, 198, 245, 272, 297, 299], [0, 11, 24, 65, 90, 129, 173, 212, 237, 278, 291, 302], p=10648555074147331394264554934125179090355591570120463442998891897536588423183319026722764171413164237798125133411398328698181284566216471596829669251951449, p prime? False
4, x=512698700104373, solution: [3, 5, 30, 57, 104, 116, 186, 198, 245, 272, 297, 299], [0, 11, 24, 65, 90, 129, 173, 212, 237, 278, 291, 302], p=9782663906660548998806201888480239994333973408756344323642383591009967090092831172524743086014446393887748779514217267013784788897990859170685512788606175, p prime? False
8, x=516344455547561, solution: [3, 5, 30, 57, 104, 116, 186, 198, 245, 272, 297, 299], [0, 11, 24, 65, 90, 129, 173, 212, 237, 278, 291, 302], p=10650861881111065639059913244179776538468037907984803163047619499402214211001497616890781151307107661057026683633145705223510324691693852114648328824492479, p prime? False
13, x=520869589108907, solution: [3, 5, 30, 57, 104, 116, 186, 198, 245, 272, 297, 299], [0, 11, 24, 65, 90, 129, 173, 212, 237, 278, 291, 302], p=11826563300324944783346835685813929121485332948234849518698962481499531043673023319507863019061048881891366427074344891760886814854341205358042719974225639, p prime? False
10, x=518141302529141, solution: [3, 5, 30, 57, 104, 116, 186, 198, 245, 272, 297, 299], [0, 11, 24, 65, 90, 129, 173, 212, 237, 278, 291, 302], p=11104246333271584722524225273825780014706933188217955187273890551480944781905296442274936081270068629339059131245055529380147471459779322820968908491546815, p prime? False
2, x=510909371914136, solution: [3, 5, 30, 57, 104, 116, 186, 198, 245, 272, 297, 299], [0, 11, 24, 65, 90, 129, 173, 212, 237, 278, 291, 302], p=9380737179645171416213748407561661061645357970794552653183061877001594501351810961555749231773953766099743554085103875434712371607644019449634370866827761, p prime? False
18, x=525422552689424, solution: [3, 5, 30, 57, 104, 116, 186, 198, 245, 272, 297, 299], [0, 11, 24, 65, 90, 129, 173, 212, 237, 278, 291, 302], p=13128498467608734770989285070706513394832585108583902349773481230144867579930481697150796491518606300772275445431882237653262322280497155645700114741472319, p prime? False
11, x=519060974009349, solution: [3, 5, 30, 57, 104, 116, 186, 198, 245, 272, 297, 299], [0, 11, 24, 65, 90, 129, 173, 212, 237, 278, 291, 302], p=11343081835635976899914829114242554348947591844111840025514915429227808235126538291739723887380207539060705991670735571181542224093972376897608417680779775, p prime? False
2, x=510914407370691, solution: [3, 5, 30, 57, 104, 116, 186, 198, 245, 272, 297, 299], [0, 11, 24, 65, 90, 129, 173, 212, 237, 278, 291, 302], p=9381846703746806473013844162229430814807225043617987645681300143205885660041723595657080234717978676749650852132586688517317716677038489604440541804345067, p prime? False
8, x=516361933208165, solution: [3, 5, 30, 57, 104, 116, 186, 198, 245, 272, 297, 299], [0, 11, 24, 65, 90, 129, 173, 212, 237, 278, 291, 302], p=10655188918383099807064951153267324762531645308073779307729360433315433269389451644982719112651399540442484144223588516294791689947137173582590948022909551, p prime? False
10, x=518158649606603, solution: [3, 5, 30, 57, 104, 116, 186, 198, 245, 272, 297, 299], [0, 11, 24, 65, 90, 129, 173, 212, 237, 278, 291, 302], p=11108708321395162281307792450786767094802111379065314752803564027727625945942724586344118400220632264211699297942570057169953046348197927554676181092682517, p prime? False
1, x=510022830963222, solution: [3, 5, 30, 57, 104, 116, 186, 198, 245, 272, 297, 299], [0, 11, 24, 65, 90, 129, 173, 212, 237, 278, 291, 302], p=9187258744137170582210507099378598234719396541688830347760530609258894717714121250213162625324684706714623614837699445434453172745501432703491713336346849, p prime? False
9, x=517279566230165, solution: [3, 5, 30, 57, 104, 116, 186, 198, 245, 272, 297, 299], [0, 11, 24, 65, 90, 129, 173, 212, 237, 278, 291, 302], p=10884648634033675733543902834438492999998592658906458302217450914966073475105176606275165235883040935933027273182606248092631452804996391257308309600653551, p prime? False
10, x=518188104380817, solution: [3, 5, 30, 57, 104, 116, 186, 198, 245, 272, 297, 299], [0, 11, 24, 65, 90, 129, 173, 212, 237, 278, 291, 302], p=11116288397069920872808557972818872275027780594047333279267671279034107475917760105254940947171705558415467600757610551379042241736006925434316994236757145, p prime? False
