x values, solutions and p values of 2^28-smooth twin numbers for x in the range from 490076399058449 to 508213394906208 - 2021-02-18 22:15:00.073423
14, x=502773542746920, solution: [3, 5, 30, 57, 104, 116, 186, 198, 245, 272, 297, 299], [0, 11, 24, 65, 90, 129, 173, 212, 237, 278, 291, 302], p=7737123481281389169451412736096475201092186192226981847655335707477471506436416123716087936256434523364107900947567965044985576850972473918736164608573879, p prime? False
5, x=494626693238241, solution: [3, 5, 30, 57, 104, 116, 186, 198, 245, 272, 297, 299], [0, 11, 24, 65, 90, 129, 173, 212, 237, 278, 291, 302], p=6359766005191197598151962116133129959850384649609604106747726875881345474269417769974867138023573393857007775221338150488714698900019006628071117595247649, p prime? False
9, x=498259222736148, solution: [3, 5, 30, 57, 104, 116, 186, 198, 245, 272, 297, 299], [0, 11, 24, 65, 90, 129, 173, 212, 237, 278, 291, 302], p=6943440073143085390178746328478438448979590318728551180732141428569831868815557575269118368529997456474694083634803757324741485099021557502149565847666093, p prime? False
13, x=501891589973675, solution: [3, 5, 30, 57, 104, 116, 186, 198, 245, 272, 297, 299], [0, 11, 24, 65, 90, 129, 173, 212, 237, 278, 291, 302], p=7575818444416445677984319755205760883196550117189516914481393995600378156452099251714435862991417685210774474922532857449512183151279800935234959532266631, p prime? False
15, x=503716118066705, solution: [3, 5, 30, 57, 104, 116, 186, 198, 245, 272, 297, 299], [0, 11, 24, 65, 90, 129, 173, 212, 237, 278, 291, 302], p=7912991704250182864980697065342643883680021511674020765109577401910910905629437599223628399960411563331233226438332925509067654943674408116807442812461849, p prime? False
17, x=505534327879529, solution: [3, 5, 30, 57, 104, 116, 186, 198, 245, 272, 297, 299], [0, 11, 24, 65, 90, 129, 173, 212, 237, 278, 291, 302], p=8262630905093879234341610518038623324347874586440538736063524606177409123969519881837763818126689714016046878620499972480958008838407658355315547073333023, p prime? False
10, x=499198079659485, solution: [3, 5, 30, 57, 104, 116, 186, 198, 245, 272, 297, 299], [0, 11, 24, 65, 90, 129, 173, 212, 237, 278, 291, 302], p=7102077535391262970078499655772555655726188253381551795294062572760811022480942026992167723319581943303596714751285413456401384493876356404911489353309145, p prime? False
14, x=502829209193952, solution: [3, 5, 30, 57, 104, 116, 186, 198, 245, 272, 297, 299], [0, 11, 24, 65, 90, 129, 173, 212, 237, 278, 291, 302], p=7747409477092457818503440714543699020576863039775310009395329351015834578212303113331487977824963745719447143289692920754302930943403281222022088367709261, p prime? False
6, x=495575027706737, solution: [3, 5, 30, 57, 104, 116, 186, 198, 245, 272, 297, 299], [0, 11, 24, 65, 90, 129, 173, 212, 237, 278, 291, 302], p=6507639764700155052407462736661519696990741087992529100087329415097075936247920049328122473356701452277150446772223411318082479111316798239906978974759001, p prime? False
0, x=490136005540857, solution: [3, 5, 30, 57, 104, 116, 186, 198, 245, 272, 297, 299], [0, 11, 24, 65, 90, 129, 173, 212, 237, 278, 291, 302], p=5700458945520577715771529007571101055204439999476594710784979906595266017563508656192790008096282945135916651297956958055611791783692359728845712395205919, p prime? False
7, x=496489390029891, solution: [3, 5, 30, 57, 104, 116, 186, 198, 245, 272, 297, 299], [0, 11, 24, 65, 90, 129, 173, 212, 237, 278, 291, 302], p=6653194226003019859301755175551005161762255360852514735194983885520395276401266270297299720746109374471531429405579996528461556773275882782326676972853395, p prime? False
9, x=498304211644965, solution: [3, 5, 30, 57, 104, 116, 186, 198, 245, 272, 297, 299], [0, 11, 24, 65, 90, 129, 173, 212, 237, 278, 291, 302], p=6950967070025461053428123824227487112434857324558905621433196731338371545134817503212005903304755984195975332063324240770633341325292268586416964475956751, p prime? False
5, x=494681976160416, solution: [3, 5, 30, 57, 104, 116, 186, 198, 245, 272, 297, 299], [0, 11, 24, 65, 90, 129, 173, 212, 237, 278, 291, 302], p=6368300991137176380953709707700062081492046620329897954733921238824071737750137583961575156706171940505425120419989987202425808032957811195420841160609381, p prime? False
19, x=507377969263365, solution: [3, 5, 30, 57, 104, 116, 186, 198, 245, 272, 297, 299], [0, 11, 24, 65, 90, 129, 173, 212, 237, 278, 291, 302], p=8631570219527051807877950789980751281489927311675367492613978013038613750922430130856618513140255267776809450452044652447015120328597319868329885530599551, p prime? False
8, x=497403733126005, solution: [3, 5, 30, 57, 104, 116, 186, 198, 245, 272, 297, 299], [0, 11, 24, 65, 90, 129, 173, 212, 237, 278, 291, 302], p=6801724267361848841514494719064794505026527073345319541441451446165835928197465071341496180503760806053405574506275486356960838081411521817772919413735999, p prime? False
5, x=494685895369041, solution: [3, 5, 30, 57, 104, 116, 186, 198, 245, 272, 297, 299], [0, 11, 24, 65, 90, 129, 173, 212, 237, 278, 291, 302], p=6368906465902103377353562022365605236456099119933299415103696506116540951900425533425221466653556538236432300808988769668907866968195599588895249101591001, p prime? False
8, x=497416407246173, solution: [3, 5, 30, 57, 104, 116, 186, 198, 245, 272, 297, 299], [0, 11, 24, 65, 90, 129, 173, 212, 237, 278, 291, 302], p=6803804298865018100526183468275725821200382730444993078782881077709835452308681304776811521704244481351481083592836553933884958983308840551936183710584921, p prime? False
0, x=490160861277780, solution: [3, 5, 30, 57, 104, 116, 186, 198, 245, 272, 297, 299], [0, 11, 24, 65, 90, 129, 173, 212, 237, 278, 291, 302], p=5703928887714527237649831672019865079503580508679993353698653701719380359495618327576164776798141254631879316242415619664480717643321985052834456749922249, p prime? False
19, x=507394126805310, solution: [3, 5, 30, 57, 104, 116, 186, 198, 245, 272, 297, 299], [0, 11, 24, 65, 90, 129, 173, 212, 237, 278, 291, 302], p=8634869284034983741132751616789643407838640158715553425748632131179876567913167759436204238586790419152517521354428231154674003493090704241528402044600155, p prime? False
19, x=507397673545425, solution: [3, 5, 30, 57, 104, 116, 186, 198, 245, 272, 297, 299], [0, 11, 24, 65, 90, 129, 173, 212, 237, 278, 291, 302], p=8635593615983846130266801692040685865528769414792982472973565862381764161819943886321530812032366689863223504973024576845578087899610564670650367783630681, p prime? False
18, x=506494032884136, solution: [3, 5, 30, 57, 104, 116, 186, 198, 245, 272, 297, 299], [0, 11, 24, 65, 90, 129, 173, 212, 237, 278, 291, 302], p=8452837804328240965226049118793485115443033034595820187132522623203768996269599826624900868474955045944440559826064888337829377227916020287971987976816711, p prime? False
0, x=490178417658842, solution: [3, 5, 30, 57, 104, 116, 186, 198, 245, 272, 297, 299], [0, 11, 24, 65, 90, 129, 173, 212, 237, 278, 291, 302], p=5706380982608945849873543312455421286359198700788401351004073203773752298449510743154675190267110668472954393855459724018629041229262873597025542740848025, p prime? False
5, x=494719105179557, solution: [3, 5, 30, 57, 104, 116, 186, 198, 245, 272, 297, 299], [0, 11, 24, 65, 90, 129, 173, 212, 237, 278, 291, 302], p=6374039135972209330418816000166459746168447921447302589335990543743168657642275792682118000957090455342454422794671369759943961772666464500939995983742799, p prime? False
2, x=491998041887222, solution: [3, 5, 30, 57, 104, 116, 186, 198, 245, 272, 297, 299], [0, 11, 24, 65, 90, 129, 173, 212, 237, 278, 291, 302], p=5965832132206418312019123274640374022290464530680536643565087067711836554200869630982128863399867424274254463245773283186840698642256807732956890552239349, p prime? False
11, x=500158292358672, solution: [3, 5, 30, 57, 104, 116, 186, 198, 245, 272, 297, 299], [0, 11, 24, 65, 90, 129, 173, 212, 237, 278, 291, 302], p=7267754020399706119218022911457108644592363923102952206923013203764317912763115433027353417637249088664207612084868512457306515973604626592048053417235999, p prime? False
14, x=502883703722873, solution: [3, 5, 30, 57, 104, 116, 186, 198, 245, 272, 297, 299], [0, 11, 24, 65, 90, 129, 173, 212, 237, 278, 291, 302], p=7757491067439462219015897693610196354956957408046639725774789979548806660122585176117199408670011481007100796434710943332706165928654059621650761755801695, p prime? False
16, x=504698414965302, solution: [3, 5, 30, 57, 104, 116, 186, 198, 245, 272, 297, 299], [0, 11, 24, 65, 90, 129, 173, 212, 237, 278, 291, 302], p=8100164279058338036712414138071529561206522383091219797639189571920075795957828406491859560694644855629860698405251305109521273777679311382016138110283501, p prime? False
4, x=493816056907412, solution: [3, 5, 30, 57, 104, 116, 186, 198, 245, 272, 297, 299], [0, 11, 24, 65, 90, 129, 173, 212, 237, 278, 291, 302], p=6235812168435788754131072318865732106832514108655878706227188063449460980163769278236084563107956473121138667533209593818032455579986610290889105955390901, p prime? False
19, x=507422920771220, solution: [3, 5, 30, 57, 104, 116, 186, 198, 245, 272, 297, 299], [0, 11, 24, 65, 90, 129, 173, 212, 237, 278, 291, 302], p=8640751332783148606532653193171687938956751132914148115895736383404600940668708723573391990156412329718300851375268627066709108686098875749844183599517109, p prime? False
10, x=499259552912705, solution: [3, 5, 30, 57, 104, 116, 186, 198, 245, 272, 297, 299], [0, 11, 24, 65, 90, 129, 173, 212, 237, 278, 291, 302], p=7112579586117561946513169249421368960866603199231873230512536210837820925914059731640979666959526510357109495134123745917061816404875443128939929676046849, p prime? False
12, x=501079775634273, solution: [3, 5, 30, 57, 104, 116, 186, 198, 245, 272, 297, 299], [0, 11, 24, 65, 90, 129, 173, 212, 237, 278, 291, 302], p=7430072109473570640407214495148883698173381946619839145012001252634507236948598578775135074641045754975761948154997381802228157923309396236560424970728993, p prime? False
19, x=507437929906347, solution: [3, 5, 30, 57, 104, 116, 186, 198, 245, 272, 297, 299], [0, 11, 24, 65, 90, 129, 173, 212, 237, 278, 291, 302], p=8643818864023335157008805478278854036820555419050276161767778774079546950985085255805603824600839307961014455607528574867978592216307717479007141258890599, p prime? False
9, x=498370390170617, solution: [3, 5, 30, 57, 104, 116, 186, 198, 245, 272, 297, 299], [0, 11, 24, 65, 90, 129, 173, 212, 237, 278, 291, 302], p=6962052850084505201995631749836559542035030495537485537056824750133483598068525068596465956427686656080863608486192973546034687905074732092950867225914655, p prime? False
13, x=502004626256820, solution: [3, 5, 30, 57, 104, 116, 186, 198, 245, 272, 297, 299], [0, 11, 24, 65, 90, 129, 173, 212, 237, 278, 291, 302], p=7596318582730728108695641508400172355587388568033990550025608362613554029206185751336482348064923321882927312660609314023960129683822333002688235756660219, p prime? False
0, x=490214749408761, solution: [3, 5, 30, 57, 104, 116, 186, 198, 245, 272, 297, 299], [0, 11, 24, 65, 90, 129, 173, 212, 237, 278, 291, 302], p=5711458497329116842810286190510416801485373401813561342739268767755810312206249785237666559209555020470276932406258176659772309612817305548051196160389151, p prime? False
1, x=491125257080678, solution: [3, 5, 30, 57, 104, 116, 186, 198, 245, 272, 297, 299], [0, 11, 24, 65, 90, 129, 173, 212, 237, 278, 291, 302], p=5840066158550392594547820191894875402484400678901991076899466378725982431962507290077426207531519386995386704057790871536054692098485360703798193544780683, p prime? False
8, x=497476401131253, solution: [3, 5, 30, 57, 104, 116, 186, 198, 245, 272, 297, 299], [0, 11, 24, 65, 90, 129, 173, 212, 237, 278, 291, 302], p=6813658196670540966958253926517703903517715695816108742130882657138897217084595089524332258261075820449608299084698462913993311945515161284342367069407999, p prime? False
16, x=504732050199129, solution: [3, 5, 30, 57, 104, 116, 186, 198, 245, 272, 297, 299], [0, 11, 24, 65, 90, 129, 173, 212, 237, 278, 291, 302], p=8106644603910785202270029358954757368851495420326273705824490873523480882541296536417599830503823529958895578046789078814165545631933625554066357592272271, p prime? False
19, x=507462681071280, solution: [3, 5, 30, 57, 104, 116, 186, 198, 245, 272, 297, 299], [0, 11, 24, 65, 90, 129, 173, 212, 237, 278, 291, 302], p=8648879628584081137841775675123424939034227047488684796180520183968533185814548674832790547332824562235847873962559040028059261375285058193076195748172499, p prime? False
14, x=502930306187886, solution: [3, 5, 30, 57, 104, 116, 186, 198, 245, 272, 297, 299], [0, 11, 24, 65, 90, 129, 173, 212, 237, 278, 291, 302], p=7766122149058615059265735470832769099110608905118688444106337148599375138280962824852425852138048508736568821412767312794501225215791324222610952740121561, p prime? False
11, x=500211537876867, solution: [3, 5, 30, 57, 104, 116, 186, 198, 245, 272, 297, 299], [0, 11, 24, 65, 90, 129, 173, 212, 237, 278, 291, 302], p=7277043927101435420581538040114964432784927946593650801146578670484586478026116860380957746093614078489771541218581969622568613128141893619771105253349655, p prime? False
13, x=502039522553027, solution: [3, 5, 30, 57, 104, 116, 186, 198, 245, 272, 297, 299], [0, 11, 24, 65, 90, 129, 173, 212, 237, 278, 291, 302], p=7602657602126390790508769796925352453886116511765478920889447074800936100188077787237766688797875869700039122749445278779454850435799802942488265770477691, p prime? False
12, x=501137446336532, solution: [3, 5, 30, 57, 104, 116, 186, 198, 245, 272, 297, 299], [0, 11, 24, 65, 90, 129, 173, 212, 237, 278, 291, 302], p=7440340386378339406967119078499168613186237427984388404560199281835919365342903448468462976065494310040051367215555673165666988767790532433577572185072189, p prime? False
3, x=492981502485342, solution: [3, 5, 30, 57, 104, 116, 186, 198, 245, 272, 297, 299], [0, 11, 24, 65, 90, 129, 173, 212, 237, 278, 291, 302], p=6110517981555953961500424853417796368972614624005234101463857040260622951962056070330046230350980143312241949290594073263949814273846207372915948600403575, p prime? False
16, x=504778494558915, solution: [3, 5, 30, 57, 104, 116, 186, 198, 245, 272, 297, 299], [0, 11, 24, 65, 90, 129, 173, 212, 237, 278, 291, 302], p=8115600608038417059292541481779826128767286547961396721215412544196513798842187960648898284833991004333749806053822919240403039140903109720611354688361051, p prime? False
10, x=499340513288174, solution: [3, 5, 30, 57, 104, 116, 186, 198, 245, 272, 297, 299], [0, 11, 24, 65, 90, 129, 173, 212, 237, 278, 291, 302], p=7126432524180655011804216188111646376216143482195968469953166864952938125000424795762048833698186574501170947697085348035908094441154115018855642638944169, p prime? False
18, x=506604713441411, solution: [3, 5, 30, 57, 104, 116, 186, 198, 245, 272, 297, 299], [0, 11, 24, 65, 90, 129, 173, 212, 237, 278, 291, 302], p=8475030130168191889558720241064174627361781610005726895044839023869947346785775790641891095825691799540393762991315326866276430339636910738647542093095655, p prime? False
11, x=500253296009940, solution: [3, 5, 30, 57, 104, 116, 186, 198, 245, 272, 297, 299], [0, 11, 24, 65, 90, 129, 173, 212, 237, 278, 291, 302], p=7284337209425452557584680125980327711675507196559295441952586598063871422298147054742024645393207676510577463441709766702017660285426009863430665734172001, p prime? False
19, x=507516603755790, solution: [3, 5, 30, 57, 104, 116, 186, 198, 245, 272, 297, 299], [0, 11, 24, 65, 90, 129, 173, 212, 237, 278, 291, 302], p=8659914374139677014784523273498099312832352660250471492355353119908490388514186614356395265155491936411524642734729636064697649178024104743219835537817301, p prime? False
9, x=498452212355529, solution: [3, 5, 30, 57, 104, 116, 186, 198, 245, 272, 297, 299], [0, 11, 24, 65, 90, 129, 173, 212, 237, 278, 291, 302], p=6975781556013531960952851853825664003812051397699080548723643341147354734129307938509181612108939338249504860030874470531157991476014176705095664844472303, p prime? False
18, x=506618169125445, solution: [3, 5, 30, 57, 104, 116, 186, 198, 245, 272, 297, 299], [0, 11, 24, 65, 90, 129, 173, 212, 237, 278, 291, 302], p=8477731739173176794376058962206318490953828042066121325920386079279571713492523232580744762910454473888712054985084760165959289109460504133175722347223519, p prime? False
8, x=497563960782198, solution: [3, 5, 30, 57, 104, 116, 186, 198, 245, 272, 297, 299], [0, 11, 24, 65, 90, 129, 173, 212, 237, 278, 291, 302], p=6828063207393019171452359942469996255461640504621218067988631963324840616095390194352234385379385725277248060127532241953359775959145264118585759499913989, p prime? False
13, x=502099865955704, solution: [3, 5, 30, 57, 104, 116, 186, 198, 245, 272, 297, 299], [0, 11, 24, 65, 90, 129, 173, 212, 237, 278, 291, 302], p=7613630609969072743959892348448287618972698579353017930979810602999313405429414717791295158381368731517873418527866052987208055538465175539532058884749117, p prime? False
12, x=501194772059817, solution: [3, 5, 30, 57, 104, 116, 186, 198, 245, 272, 297, 299], [0, 11, 24, 65, 90, 129, 173, 212, 237, 278, 291, 302], p=7450560129817022423514558477581347508584534554597755178245628133826608072960611329177456067467676523914043948740558514060670071346762766587554404948725695, p prime? False
11, x=500286038880672, solution: [3, 5, 30, 57, 104, 116, 186, 198, 245, 272, 297, 299], [0, 11, 24, 65, 90, 129, 173, 212, 237, 278, 291, 302], p=7290060613788528305564187245802156281843085075794152027652099173555767331223251938402769464727478525725524110836094688886723772501982289130075448578607749, p prime? False
6, x=495760632620654, solution: [3, 5, 30, 57, 104, 116, 186, 198, 245, 272, 297, 299], [0, 11, 24, 65, 90, 129, 173, 212, 237, 278, 291, 302], p=6536947320327194162605022299578608101539620176876392457402787222913658099045496223937254240673581071077322532005116088434032859606854435702213522443053913, p prime? False
17, x=505739276384067, solution: [3, 5, 30, 57, 104, 116, 186, 198, 245, 272, 297, 299], [0, 11, 24, 65, 90, 129, 173, 212, 237, 278, 291, 302], p=8302917661251876919435669853954480886548052670424001799281210501628378909381411626786793744859284270074264984224824177789041220946178975471137796823409795, p prime? False
1, x=491228107114341, solution: [3, 5, 30, 57, 104, 116, 186, 198, 245, 272, 297, 299], [0, 11, 24, 65, 90, 129, 173, 212, 237, 278, 291, 302], p=5854759191786702826302696272889007094504550159341678784951822752108770719970004809232336269714113445099445357909927751662798065580571395552279527243658223, p prime? False
10, x=499388748972129, solution: [3, 5, 30, 57, 104, 116, 186, 198, 245, 272, 297, 299], [0, 11, 24, 65, 90, 129, 173, 212, 237, 278, 291, 302], p=7134697770708467874343167201074109608233621865061225947847036051675056078244439515957212023812328654132791413610625803016947021003684268254535562469846561, p prime? False
11, x=500303637715002, solution: [3, 5, 30, 57, 104, 116, 186, 198, 245, 272, 297, 299], [0, 11, 24, 65, 90, 129, 173, 212, 237, 278, 291, 302], p=7293138566422971449925343842923229867649086771034917945058510969946574119517887361540172706030779669149674062811029109122123733976579126768089123465926231, p prime? False
15, x=503939753060229, solution: [3, 5, 30, 57, 104, 116, 186, 198, 245, 272, 297, 299], [0, 11, 24, 65, 90, 129, 173, 212, 237, 278, 291, 302], p=7955252397849157304400053925069848788528632119172396116959034968709079673175560672221799375530346611235460350338962858986164830558561836574857787763453759, p prime? False
15, x=503940557144829, solution: [3, 5, 30, 57, 104, 116, 186, 198, 245, 272, 297, 299], [0, 11, 24, 65, 90, 129, 173, 212, 237, 278, 291, 302], p=7955404719678257392388658756486565360951702823287547169161272536423379052586769642265233015384182288277727414629597806764298396206329420518457482253814297, p prime? False
18, x=506666087688774, solution: [3, 5, 30, 57, 104, 116, 186, 198, 245, 272, 297, 299], [0, 11, 24, 65, 90, 129, 173, 212, 237, 278, 291, 302], p=8487359158414299500226921786121535746090796853072521421664513213886691910288312591368997309003369777705792836707279354788205045636003236886996700039819151, p prime? False
5, x=494876589588345, solution: [3, 5, 30, 57, 104, 116, 186, 198, 245, 272, 297, 299], [0, 11, 24, 65, 90, 129, 173, 212, 237, 278, 291, 302], p=6398430459484580333511561468154473435964195361958924499759467860530471867182620869862813088296666077716915524431279110841271880900436694847974906932529759, p prime? False
0, x=490342640771910, solution: [3, 5, 30, 57, 104, 116, 186, 198, 245, 272, 297, 299], [0, 11, 24, 65, 90, 129, 173, 212, 237, 278, 291, 302], p=5729364818582176215381610577212151149539751239709228549049501281382338979665346865193381938495750939390511429631526922603873083490377779599020801479722735, p prime? False
14, x=503040951798377, solution: [3, 5, 30, 57, 104, 116, 186, 198, 245, 272, 297, 299], [0, 11, 24, 65, 90, 129, 173, 212, 237, 278, 291, 302], p=7786649713020565079444167305055171811231232567900305867708773264218245627199056852115426926158147611134447929302232845893232970903314473108328439456348831, p prime? False
0, x=490344135719072, solution: [3, 5, 30, 57, 104, 116, 186, 198, 245, 272, 297, 299], [0, 11, 24, 65, 90, 129, 173, 212, 237, 278, 291, 302], p=5729574433017151407208897461391765085863761247137091962654790092031431202309886835868547080502725672363042551984198367519488666081513961321144327889646949, p prime? False
18, x=506688250027907, solution: [3, 5, 30, 57, 104, 116, 186, 198, 245, 272, 297, 299], [0, 11, 24, 65, 90, 129, 173, 212, 237, 278, 291, 302], p=8491815229090341826412238578518943365942788429303693162421092014344380411631847870857110840364154801430606350183227884729450595346241407190825993134649239, p prime? False
6, x=495818967654365, solution: [3, 5, 30, 57, 104, 116, 186, 198, 245, 272, 297, 299], [0, 11, 24, 65, 90, 129, 173, 212, 237, 278, 291, 302], p=6546183550127631557203528430185677435960134487861651570224896825013131572861030246387707523543087436028192807244055127518102618891914837300965027674083801, p prime? False
19, x=507615791469504, solution: [3, 5, 30, 57, 104, 116, 186, 198, 245, 272, 297, 299], [0, 11, 24, 65, 90, 129, 173, 212, 237, 278, 291, 302], p=8680245870707138982600694746194875087330457066906468652387573263436972001620984186560968338653587610487536048374852610821191173132358124022721615620647801, p prime? False
1, x=491298895748075, solution: [3, 5, 30, 57, 104, 116, 186, 198, 245, 272, 297, 299], [0, 11, 24, 65, 90, 129, 173, 212, 237, 278, 291, 302], p=5864891650598921590446105452178741857718155995006275185702557934528493980526144214286234168928730347318583744058376915934643766155033762942089524855436771, p prime? False
15, x=503996766365070, solution: [3, 5, 30, 57, 104, 116, 186, 198, 245, 272, 297, 299], [0, 11, 24, 65, 90, 129, 173, 212, 237, 278, 291, 302], p=7966059345834225457721226807365348122408185225337059103376990793027460850184701470370395069306463506645340669145114306915977118059877869565439351729353669, p prime? False
4, x=494021672865240, solution: [3, 5, 30, 57, 104, 116, 186, 198, 245, 272, 297, 299], [0, 11, 24, 65, 90, 129, 173, 212, 237, 278, 291, 302], p=6267041356995242213680251801973254670910457238711889037875330193904410242703719725628982216833278449520805590125569519933310513632249415572412160809495801, p prime? False
0, x=490397970755366, solution: [3, 5, 30, 57, 104, 116, 186, 198, 245, 272, 297, 299], [0, 11, 24, 65, 90, 129, 173, 212, 237, 278, 291, 302], p=5737127614162063518825872925301068618546756063637480297297645699879981039691721573810588802667640587462120811882070080859234420668741217550725357997385459, p prime? False
10, x=499463163050049, solution: [3, 5, 30, 57, 104, 116, 186, 198, 245, 272, 297, 299], [0, 11, 24, 65, 90, 129, 173, 212, 237, 278, 291, 302], p=7147465954865231631724206031909572626416973677355835127386945505476434768720472517966608762563843969239434945767689525983313663130932471936240763689299969, p prime? False
11, x=500377814049152, solution: [3, 5, 30, 57, 104, 116, 186, 198, 245, 272, 297, 299], [0, 11, 24, 65, 90, 129, 173, 212, 237, 278, 291, 302], p=7306124751571286042733541745369894682778825052792227121106013329415756853582410322560211157924128871153244170980953054308017454613098022033833535963422641, p prime? False
8, x=497666672716361, solution: [3, 5, 30, 57, 104, 116, 186, 198, 245, 272, 297, 299], [0, 11, 24, 65, 90, 129, 173, 212, 237, 278, 291, 302], p=6844996597401692208985170794255999097091912444062337697403807248472870719020347332831027496887775451668297488807968064956163801984634165755820155230963247, p prime? False
1, x=491319319183905, solution: [3, 5, 30, 57, 104, 116, 186, 198, 245, 272, 297, 299], [0, 11, 24, 65, 90, 129, 173, 212, 237, 278, 291, 302], p=5867817982316257130980002672802514269248605074325987130147657311997003195056997573458858792038781591630289027427486547258641622258360497075597975844729249, p prime? False
5, x=494962921667525, solution: [3, 5, 30, 57, 104, 116, 186, 198, 245, 272, 297, 299], [0, 11, 24, 65, 90, 129, 173, 212, 237, 278, 291, 302], p=6411837926343751344170193207030063250567076712950695386675687027857844397946556008534766642794488334105081630681167862666952594934185440355116827472642591, p prime? False
5, x=494963685828065, solution: [3, 5, 30, 57, 104, 116, 186, 198, 245, 272, 297, 299], [0, 11, 24, 65, 90, 129, 173, 212, 237, 278, 291, 302], p=6411956716214811658641493198506576102340172478173866571678526398210806221598237600491457392216333846513881423720652629437986192942188794534323305432532001, p prime? False
18, x=506755503513561, solution: [3, 5, 30, 57, 104, 116, 186, 198, 245, 272, 297, 299], [0, 11, 24, 65, 90, 129, 173, 212, 237, 278, 291, 302], p=8505350682753454257813504326385915465657411165277079471260235707676508450317455050618012941207600413378904670308798318586777655596180119059589271920325839, p prime? False
13, x=502222525935653, solution: [3, 5, 30, 57, 104, 116, 186, 198, 245, 272, 297, 299], [0, 11, 24, 65, 90, 129, 173, 212, 237, 278, 291, 302], p=7635980193814747184818420770627457109710459151994120333977211981315528976940018375375120076638734291680091610590529081357517083556067300851543248764188431, p prime? False
10, x=499495844367797, solution: [3, 5, 30, 57, 104, 116, 186, 198, 245, 272, 297, 299], [0, 11, 24, 65, 90, 129, 173, 212, 237, 278, 291, 302], p=7153080127176567384513655868178969642328864420013181977739688315717336610553080468100622945706945556683111290897168059996236448932339890648362653997819999, p prime? False
7, x=496786304093637, solution: [3, 5, 30, 57, 104, 116, 186, 198, 245, 272, 297, 299], [0, 11, 24, 65, 90, 129, 173, 212, 237, 278, 291, 302], p=6701097059375171628140182712506830040046257064045419094543904623975526998220235882964136406376567080221745310242581753133396093222365890295075954785291551, p prime? False
7, x=496793034765690, solution: [3, 5, 30, 57, 104, 116, 186, 198, 245, 272, 297, 299], [0, 11, 24, 65, 90, 129, 173, 212, 237, 278, 291, 302], p=6702186612304889424537498411008280554285242920056571789391566537120629028269859772882007361452433803480562297799691015410419082505187717161005784572656251, p prime? False
12, x=501327991104086, solution: [3, 5, 30, 57, 104, 116, 186, 198, 245, 272, 297, 299], [0, 11, 24, 65, 90, 129, 173, 212, 237, 278, 291, 302], p=7474359471932543747090313884302968318356744629219318202278973965227917660813037483311501527752756751075899147059484136953465899726641946398073753366254873, p prime? False
1, x=491349232853985, solution: [3, 5, 30, 57, 104, 116, 186, 198, 245, 272, 297, 299], [0, 11, 24, 65, 90, 129, 173, 212, 237, 278, 291, 302], p=5872106519427601449971537445095375790543422287155919502684290547106987238917548487486199824596267940613980756027436827806783510975494909911434489146995745, p prime? False
16, x=504962675062961, solution: [3, 5, 30, 57, 104, 116, 186, 198, 245, 272, 297, 299], [0, 11, 24, 65, 90, 129, 173, 212, 237, 278, 291, 302], p=8151206056119166853021188341635273799207020813441440717598154975593127638366319330781709978544028784209177118697636350341362015967835390098562265115383193, p prime? False
2, x=492270272214030, solution: [3, 5, 30, 57, 104, 116, 186, 198, 245, 272, 297, 299], [0, 11, 24, 65, 90, 129, 173, 212, 237, 278, 291, 302], p=6005564778640068282781309876224199349923608008336766838424529450806787724989374326163594840196590709397008232338122108210969735425352001583722824887029749, p prime? False
12, x=501341340498275, solution: [3, 5, 30, 57, 104, 116, 186, 198, 245, 272, 297, 299], [0, 11, 24, 65, 90, 129, 173, 212, 237, 278, 291, 302], p=7476748154477707381043003588654012795009313881851429947668564720292591669922615835022082342761953959055547439892814997919875397780632166067545321964255541, p prime? False
17, x=505877896723862, solution: [3, 5, 30, 57, 104, 116, 186, 198, 245, 272, 297, 299], [0, 11, 24, 65, 90, 129, 173, 212, 237, 278, 291, 302], p=8330268274316522120234401605818640106052276510231530672529264388426206988974968221768406982204849943440838086864376504942743752844868146340524236717318001, p prime? False
17, x=505881848558622, solution: [3, 5, 30, 57, 104, 116, 186, 198, 245, 272, 297, 299], [0, 11, 24, 65, 90, 129, 173, 212, 237, 278, 291, 302], p=8331049204063738505476130747473037152490199425042750368729345367366676824861138396380285542107830112994399360203198427802862702429103136304012424193379199, p prime? False
3, x=493178939997125, solution: [3, 5, 30, 57, 104, 116, 186, 198, 245, 272, 297, 299], [0, 11, 24, 65, 90, 129, 173, 212, 237, 278, 291, 302], p=6139949669859248896285682637952017041621932047491901622956819988406066051083000225749150591532424062826843589522255989758536016572101377028757068802245151, p prime? False
8, x=497720718241178, solution: [3, 5, 30, 57, 104, 116, 186, 198, 245, 272, 297, 299], [0, 11, 24, 65, 90, 129, 173, 212, 237, 278, 291, 302], p=6853922149271564227965438007560459594091189130468680230824997271455269088341650012948406777293297427717438564440389208338102313008508501731468223857303973, p prime? False
17, x=505884200832686, solution: [3, 5, 30, 57, 104, 116, 186, 198, 245, 272, 297, 299], [0, 11, 24, 65, 90, 129, 173, 212, 237, 278, 291, 302], p=8331514073373604374252472168221109181582521732885572485234330200924728383873102106968245693695836243620318763145204744218617448011628952854885590689930449, p prime? False
18, x=506800057584161, solution: [3, 5, 30, 57, 104, 116, 186, 198, 245, 272, 297, 299], [0, 11, 24, 65, 90, 129, 173, 212, 237, 278, 291, 302], p=8514328533977466786709532640077164124214508690858000791008502085257573110063242590146447808269619533183139477922370023118893279975112092239851204759933345, p prime? False
8, x=497736181905825, solution: [3, 5, 30, 57, 104, 116, 186, 198, 245, 272, 297, 299], [0, 11, 24, 65, 90, 129, 173, 212, 237, 278, 291, 302], p=6856477916694459589512334795796306045432610923325360458641137729409537632312063129723239379059682512184967217378710211181355170585378993632582595024405921, p prime? False
18, x=506809919681741, solution: [3, 5, 30, 57, 104, 116, 186, 198, 245, 272, 297, 299], [0, 11, 24, 65, 90, 129, 173, 212, 237, 278, 291, 302], p=8516316966105580648957798637044024453258039324074721825901400589764647984064478901619536549620560135812422625840062272257665755030829815348369244897209889, p prime? False
9, x=498648840693566, solution: [3, 5, 30, 57, 104, 116, 186, 198, 245, 272, 297, 299], [0, 11, 24, 65, 90, 129, 173, 212, 237, 278, 291, 302], p=7008874787186989495142323118956119690178168783962893538918984500352564047383652820094434739604509369390899087299286066721244865948735095251541931266545307, p prime? False
1, x=491391769858704, solution: [3, 5, 30, 57, 104, 116, 186, 198, 245, 272, 297, 299], [0, 11, 24, 65, 90, 129, 173, 212, 237, 278, 291, 302], p=5878209733339034764515845742690500897083838618500430690533526451831234074320459512759454382978529876867027676533857059408908142233633604332119800377201007, p prime? False
15, x=504093556817160, solution: [3, 5, 30, 57, 104, 116, 186, 198, 245, 272, 297, 299], [0, 11, 24, 65, 90, 129, 173, 212, 237, 278, 291, 302], p=7984436926072578409027936088523533699005089500447769080854483359224457115465375112389707845186670169420263347507529036058567219399245797245662928608148435, p prime? False
16, x=505006253415642, solution: [3, 5, 30, 57, 104, 116, 186, 198, 245, 272, 297, 299], [0, 11, 24, 65, 90, 129, 173, 212, 237, 278, 291, 302], p=8159651467282567720314861945986554874932811839530525111724519524074983408118331121651708212410141255629353008001576739129429877872046869265499648445246185, p prime? False
11, x=500462145095630, solution: [3, 5, 30, 57, 104, 116, 186, 198, 245, 272, 297, 299], [0, 11, 24, 65, 90, 129, 173, 212, 237, 278, 291, 302], p=7320914486098577740800907737513285904143970184211506489488711411974410495618708368424565311503962165979232993068053296651685475611261377877960465151298749, p prime? False
1, x=491400469974612, solution: [3, 5, 30, 57, 104, 116, 186, 198, 245, 272, 297, 299], [0, 11, 24, 65, 90, 129, 173, 212, 237, 278, 291, 302], p=5879458742934633808762673108406042638232899343376117186147580200292828945225823781830312738452794151887652877896889618131120520604089229252218231056365001, p prime? False
1, x=491402046709670, solution: [3, 5, 30, 57, 104, 116, 186, 198, 245, 272, 297, 299], [0, 11, 24, 65, 90, 129, 173, 212, 237, 278, 291, 302], p=5879685128855439150607827781509196310420398437511798023115605193058426861001744388000073095068131027297065145194383390404658030428940856090768971524463779, p prime? False
16, x=505009745031179, solution: [3, 5, 30, 57, 104, 116, 186, 198, 245, 272, 297, 299], [0, 11, 24, 65, 90, 129, 173, 212, 237, 278, 291, 302], p=8160328483436149148313048141070760620283515762700260841666945557484700875084047377397001127985553497445702400985360933787859864237224920112999385612735745, p prime? False
6, x=495942546638253, solution: [3, 5, 30, 57, 104, 116, 186, 198, 245, 272, 297, 299], [0, 11, 24, 65, 90, 129, 173, 212, 237, 278, 291, 302], p=6565789430070507710026404209793676595775027345992851045048260855382383512608438254829482376220484492854832401792011690521949511787443287847222342779601409, p prime? False
9, x=498671665332480, solution: [3, 5, 30, 57, 104, 116, 186, 198, 245, 272, 297, 299], [0, 11, 24, 65, 90, 129, 173, 212, 237, 278, 291, 302], p=7012725560795056089412989449541208187249906344854472353441012835430181997975763060825905634609507878283737058702377959397376912279473076914685487055644449, p prime? False
11, x=500474065966977, solution: [3, 5, 30, 57, 104, 116, 186, 198, 245, 272, 297, 299], [0, 11, 24, 65, 90, 129, 173, 212, 237, 278, 291, 302], p=7323007346423598547544092361115709059168164644200094313094802050300042952952737423870484220328247038141400825561003178117071846676447015263109692179089921, p prime? False
18, x=506844981219107, solution: [3, 5, 30, 57, 104, 116, 186, 198, 245, 272, 297, 299], [0, 11, 24, 65, 90, 129, 173, 212, 237, 278, 291, 302], p=8523389648639761903766990189339322856725785290308358671594223923702280938793062963694580998462044696106882521103017178879547753854545090431447464124047969, p prime? False
5, x=495057078048195, solution: [3, 5, 30, 57, 104, 116, 186, 198, 245, 272, 297, 299], [0, 11, 24, 65, 90, 129, 173, 212, 237, 278, 291, 302], p=6426489872266586113932579388366461823884119439826483160706122733601439814005590389886164679918553144766539934334522756589190445339234157894307885416425419, p prime? False
1, x=491427905053305, solution: [3, 5, 30, 57, 104, 116, 186, 198, 245, 272, 297, 299], [0, 11, 24, 65, 90, 129, 173, 212, 237, 278, 291, 302], p=5883398982230418578163989391455543737737654711218006389421503966729437292001889283851405522003678610048048243983792865444137480265699885693398067183551199, p prime? False
8, x=497784217681190, solution: [3, 5, 30, 57, 104, 116, 186, 198, 245, 272, 297, 299], [0, 11, 24, 65, 90, 129, 173, 212, 237, 278, 291, 302], p=6864422634136223940992036082878572546151316148988500356051247729752558335853346850126952667640318570013666613878642967115925282278191485213785653218163251, p prime? False
4, x=494155784300670, solution: [3, 5, 30, 57, 104, 116, 186, 198, 245, 272, 297, 299], [0, 11, 24, 65, 90, 129, 173, 212, 237, 278, 291, 302], p=6287487535772340136846220411006155359863134996391054316750279325807138449009490675572587543201303700364368209893109048896755660105090233544264449870127379, p prime? False
10, x=499595564721245, solution: [3, 5, 30, 57, 104, 116, 186, 198, 245, 272, 297, 299], [0, 11, 24, 65, 90, 129, 173, 212, 237, 278, 291, 302], p=7170235619667820772529164950143594186767500569828433043408456170562102372149186668052761835429555052306188953915980983305874082155639985210011259103509849, p prime? False
7, x=496893068555480, solution: [3, 5, 30, 57, 104, 116, 186, 198, 245, 272, 297, 299], [0, 11, 24, 65, 90, 129, 173, 212, 237, 278, 291, 302], p=6718399113193973992526875641868139219458406497469078511027492015829341556654285479227197567173303574120263488289840523751697141600306682579632355898303449, p prime? False
16, x=505055830931280, solution: [3, 5, 30, 57, 104, 116, 186, 198, 245, 272, 297, 299], [0, 11, 24, 65, 90, 129, 173, 212, 237, 278, 291, 302], p=8169269259007308805954533819920896221865608673051365721312901829997798556360698675449371950714499825985726467498887766279986021511418921083810390948224999, p prime? False
15, x=504150239279822, solution: [3, 5, 30, 57, 104, 116, 186, 198, 245, 272, 297, 299], [0, 11, 24, 65, 90, 129, 173, 212, 237, 278, 291, 302], p=7995217247476108370103256474886753099951562136616583413620558013264724742494554411278783744693983513705997731599735592501665404883868531580137272659385949, p prime? False
8, x=497804373565229, solution: [3, 5, 30, 57, 104, 116, 186, 198, 245, 272, 297, 299], [0, 11, 24, 65, 90, 129, 173, 212, 237, 278, 291, 302], p=6867758762165642952864269784930107222420039201821276162132329940720080686175579664023469990559786720752857648667532423584029278626196722445263096445553409, p prime? False
10, x=499607303479157, solution: [3, 5, 30, 57, 104, 116, 186, 198, 245, 272, 297, 299], [0, 11, 24, 65, 90, 129, 173, 212, 237, 278, 291, 302], p=7172257588097308143957566334516087530150384321622333570221636910136659506751597762811317101470311946953469101315882284706794617522418784628127294070322239, p prime? False
1, x=491454955670222, solution: [3, 5, 30, 57, 104, 116, 186, 198, 245, 272, 297, 299], [0, 11, 24, 65, 90, 129, 173, 212, 237, 278, 291, 302], p=5887286374736723518175703874074099164684865137881060523430723025688909121316651054387576715403915351616189415927583340401190092457629049632686702153184349, p prime? False
8, x=497811434756600, solution: [3, 5, 30, 57, 104, 116, 186, 198, 245, 272, 297, 299], [0, 11, 24, 65, 90, 129, 173, 212, 237, 278, 291, 302], p=6868927856171249266379425174324644099584820844907653887902625329151736434173485493194804723912449271942582405228406879620110083022966885710297751259811661, p prime? False
19, x=507793044562157, solution: [3, 5, 30, 57, 104, 116, 186, 198, 245, 272, 297, 299], [0, 11, 24, 65, 90, 129, 173, 212, 237, 278, 291, 302], p=8716688207384293644567197806769022292194272375889580428249359181445780256167578999573877944851098228204861383077039748703149359268094027567961408467058689, p prime? False
10, x=499614117699765, solution: [3, 5, 30, 57, 104, 116, 186, 198, 245, 272, 297, 299], [0, 11, 24, 65, 90, 129, 173, 212, 237, 278, 291, 302], p=7173431558410547695996454876372410517304907945584149063554123774358424005365614457625418940646081981165862645737494881144212855894893485407851893650397151, p prime? False
0, x=490555450360110, solution: [3, 5, 30, 57, 104, 116, 186, 198, 245, 272, 297, 299], [0, 11, 24, 65, 90, 129, 173, 212, 237, 278, 291, 302], p=5759274802546361540710524873708608710159855137036265424560490946157262070637069225008251286820004462038157081478154703538264083618953294303696765990662145, p prime? False
4, x=494181726084785, solution: [3, 5, 30, 57, 104, 116, 186, 198, 245, 272, 297, 299], [0, 11, 24, 65, 90, 129, 173, 212, 237, 278, 291, 302], p=6291449583842048559411653681176737587328929696159177679960108456283148243484157000228480818207768398446467349177935716418991676419765157931544109931429785, p prime? False
18, x=506894978024030, solution: [3, 5, 30, 57, 104, 116, 186, 198, 245, 272, 297, 299], [0, 11, 24, 65, 90, 129, 173, 212, 237, 278, 291, 302], p=8533484416220734025016947338941209294853556510249530400980797257543614675538060004921736372302040489399855807832608606784352151615251843162764758041150999, p prime? False
16, x=505083864525966, solution: [3, 5, 30, 57, 104, 116, 186, 198, 245, 272, 297, 299], [0, 11, 24, 65, 90, 129, 173, 212, 237, 278, 291, 302], p=8174712235316513062468438417488515595880615118531134467697220251860155911565503979282296098519176737933206726527217564948436855956490928558520924566493413, p prime? False
10, x=499633455658452, solution: [3, 5, 30, 57, 104, 116, 186, 198, 245, 272, 297, 299], [0, 11, 24, 65, 90, 129, 173, 212, 237, 278, 291, 302], p=7176764107741310846510203925567799209840423343985174384040162668414663451720598756919615977834035125212589737586626126341069193932734800674885802787912561, p prime? False
8, x=497856239422085, solution: [3, 5, 30, 57, 104, 116, 186, 198, 245, 272, 297, 299], [0, 11, 24, 65, 90, 129, 173, 212, 237, 278, 291, 302], p=6876350242701361227263902884427720424668467814771780428398481159356150945983703666977315291996513993399174698455324325596429182151077007182419334988963775, p prime? False
15, x=504202639763160, solution: [3, 5, 30, 57, 104, 116, 186, 198, 245, 272, 297, 299], [0, 11, 24, 65, 90, 129, 173, 212, 237, 278, 291, 302], p=8005195054822094872896515946899061681768407624140123178699091633774936134426141944420719878049443826488551879461925922784493642381467648075510650143976985, p prime? False
9, x=498787906334132, solution: [3, 5, 30, 57, 104, 116, 186, 198, 245, 272, 297, 299], [0, 11, 24, 65, 90, 129, 173, 212, 237, 278, 291, 302], p=7032366832653323260889020628332050718185876355964192443177070562184865331684702672305858611035209168228263765255225345942364637740919096790537868431241179, p prime? False
3, x=493348824386462, solution: [3, 5, 30, 57, 104, 116, 186, 198, 245, 272, 297, 299], [0, 11, 24, 65, 90, 129, 173, 212, 237, 278, 291, 302], p=6165378007898882395443315030430766111560652703038744513197273684510240049085233031501422253904330979093140638006681812950096240952893880695893885428188751, p prime? False
3, x=493357071348336, solution: [3, 5, 30, 57, 104, 116, 186, 198, 245, 272, 297, 299], [0, 11, 24, 65, 90, 129, 173, 212, 237, 278, 291, 302], p=6166614868550270200601165655743446472191211479997324005213102184811925599080510301122640656239478188914760686808249268517381611819348487048518896603981803, p prime? False
0, x=490652572616937, solution: [3, 5, 30, 57, 104, 116, 186, 198, 245, 272, 297, 299], [0, 11, 24, 65, 90, 129, 173, 212, 237, 278, 291, 302], p=5772972660908345334361361783560910627896437148896392453719799462996848844638108624799275810281167610528813373506755345207973470744947523333916903876259551, p prime? False
11, x=500619121002324, solution: [3, 5, 30, 57, 104, 116, 186, 198, 245, 272, 297, 299], [0, 11, 24, 65, 90, 129, 173, 212, 237, 278, 291, 302], p=7348517576210177494134976119295507261051695268713944191750914815560464119051061876055102201821117266418795666265723465112725038239458667967870190007363577, p prime? False
8, x=497917299991512, solution: [3, 5, 30, 57, 104, 116, 186, 198, 245, 272, 297, 299], [0, 11, 24, 65, 90, 129, 173, 212, 237, 278, 291, 302], p=6886477436218175419667175671671414110772815234692670912466061279903226003046222031847551542568491358378853086869083249326727928691890243631334701808335801, p prime? False
0, x=490666499521929, solution: [3, 5, 30, 57, 104, 116, 186, 198, 245, 272, 297, 299], [0, 11, 24, 65, 90, 129, 173, 212, 237, 278, 291, 302], p=5774939319982270871066938256950988695087975733196844009742494746621251597906008227405359673463950057340616839355273573731408879392232571145194297195218255, p prime? False
5, x=495209992880550, solution: [3, 5, 30, 57, 104, 116, 186, 198, 245, 272, 297, 299], [0, 11, 24, 65, 90, 129, 173, 212, 237, 278, 291, 302], p=6450350801334707332999133453485022278424759104169436137123317865257399686480603911632211659046066025359911461939997792341888049829517411201835527590540131, p prime? False
10, x=499724766175665, solution: [3, 5, 30, 57, 104, 116, 186, 198, 245, 272, 297, 299], [0, 11, 24, 65, 90, 129, 173, 212, 237, 278, 291, 302], p=7192519012714407990447518330508282991840540136548513706972212065978649030308552976392149310203600333750803438857588753631470908086939569153963326184475801, p prime? False
0, x=490672314424011, solution: [3, 5, 30, 57, 104, 116, 186, 198, 245, 272, 297, 299], [0, 11, 24, 65, 90, 129, 173, 212, 237, 278, 291, 302], p=5775760641077719976968748443286666231298972433863804927682505292815505126337965029031377072554956951910889411184531587810895874384240567991724878304662341, p prime? False
13, x=502468743615149, solution: [3, 5, 30, 57, 104, 116, 186, 198, 245, 272, 297, 299], [0, 11, 24, 65, 90, 129, 173, 212, 237, 278, 291, 302], p=7681024557406520903341817430200489159111093175762314925778157386939368536413617971002776426851993143271301828634940338065268242564736161673312321960739841, p prime? False
9, x=498862734780297, solution: [3, 5, 30, 57, 104, 116, 186, 198, 245, 272, 297, 299], [0, 11, 24, 65, 90, 129, 173, 212, 237, 278, 291, 302], p=7045037280001125135588228741895058413396243502274396942627540259861736578985725419207167548355791210207921731633897108048385110323977415671396916013969999, p prime? False
17, x=506118219559229, solution: [3, 5, 30, 57, 104, 116, 186, 198, 245, 272, 297, 299], [0, 11, 24, 65, 90, 129, 173, 212, 237, 278, 291, 302], p=8377881173109286463129744409871501387316290088096919130294520380003006672975801137727302113001269129625247838111968212075734457464993618324441839434170329, p prime? False
6, x=496146128894870, solution: [3, 5, 30, 57, 104, 116, 186, 198, 245, 272, 297, 299], [0, 11, 24, 65, 90, 129, 173, 212, 237, 278, 291, 302], p=6598205286887765389071166631914666186467856435132180160054411228105405730017628036236428837992991420247198342634511482474417170109641179220434323764297649, p prime? False
6, x=496146263140245, solution: [3, 5, 30, 57, 104, 116, 186, 198, 245, 272, 297, 299], [0, 11, 24, 65, 90, 129, 173, 212, 237, 278, 291, 302], p=6598226710733918820317071146547727346387630510758061824358893625789593770244959950535301997841910695922996553800204079420414480659200665440326545901573999, p prime? False
9, x=498873150941454, solution: [3, 5, 30, 57, 104, 116, 186, 198, 245, 272, 297, 299], [0, 11, 24, 65, 90, 129, 173, 212, 237, 278, 291, 302], p=7046802671551398882291057558846657766505652358246920091263387908737492264809488749665769400980871179905465069864983669302537636877291053845767962183221077, p prime? False
1, x=491610636346379, solution: [3, 5, 30, 57, 104, 116, 186, 198, 245, 272, 297, 299], [0, 11, 24, 65, 90, 129, 173, 212, 237, 278, 291, 302], p=5909704753020094135335998192803386124965732004036095247514819452132558156399420498955619314334583532512569914227656644153967690727348739447492833912491201, p prime? False
3, x=493422710620086, solution: [3, 5, 30, 57, 104, 116, 186, 198, 245, 272, 297, 299], [0, 11, 24, 65, 90, 129, 173, 212, 237, 278, 291, 302], p=6176467410434918706645405872072195762357701182502220881945099693402304614049782251027507591906672295482713258436950884911199987740002154155746726306035133, p prime? False
9, x=498881161030304, solution: [3, 5, 30, 57, 104, 116, 186, 198, 245, 272, 297, 299], [0, 11, 24, 65, 90, 129, 173, 212, 237, 278, 291, 302], p=7048160543796991953063213978033412206899994423207572509924607332691155969759013203393657141617709980231385690903553641637276339180740249850183839176021925, p prime? False
6, x=496158793380632, solution: [3, 5, 30, 57, 104, 116, 186, 198, 245, 272, 297, 299], [0, 11, 24, 65, 90, 129, 173, 212, 237, 278, 291, 302], p=6600226657719168422618532907308880863991849144698674085309770537793429952849518439769759404425373845237479098600879867905308384080365547448406061086418529, p prime? False
14, x=503415890805204, solution: [3, 5, 30, 57, 104, 116, 186, 198, 245, 272, 297, 299], [0, 11, 24, 65, 90, 129, 173, 212, 237, 278, 291, 302], p=7856580801144579221964786383062008288196235471606283243854390260854971233420442823498677527412586438292265485678703862245017448660153137160974434903136177, p prime? False
15, x=504324014964890, solution: [3, 5, 30, 57, 104, 116, 186, 198, 245, 272, 297, 299], [0, 11, 24, 65, 90, 129, 173, 212, 237, 278, 291, 302], p=8028350498140311464379600492880310473076592915836857542616272547181000801907984630564823150355906399321160993535703098331833055539627833394553477462570901, p prime? False
4, x=494344249389003, solution: [3, 5, 30, 57, 104, 116, 186, 198, 245, 272, 297, 299], [0, 11, 24, 65, 90, 129, 173, 212, 237, 278, 291, 302], p=6316323641266105453613358108833217885253147967698524697844656535081921266418078060897281585873244138329758501511763102388636600952615570240225093925926069, p prime? False
8, x=497982246996195, solution: [3, 5, 30, 57, 104, 116, 186, 198, 245, 272, 297, 299], [0, 11, 24, 65, 90, 129, 173, 212, 237, 278, 291, 302], p=6897264217535193278710519446864739618266808270428531535899098901078887644684016677111742680462558755150764468062378234603854021462231311445274671957859469, p prime? False
3, x=493440835147328, solution: [3, 5, 30, 57, 104, 116, 186, 198, 245, 272, 297, 299], [0, 11, 24, 65, 90, 129, 173, 212, 237, 278, 291, 302], p=6179190467195776295492270909014138294525288711934188660530428940330682798737520648998760629110506483451430157411412166457993527625092252464179177613754185, p prime? False
1, x=491634423446105, solution: [3, 5, 30, 57, 104, 116, 186, 198, 245, 272, 297, 299], [0, 11, 24, 65, 90, 129, 173, 212, 237, 278, 291, 302], p=5913137033987924242684706439131697015781670818793362060472421844333167693198644538968624782437950372749738846250379666505457887445805146686666680040397199, p prime? False
11, x=500694470625297, solution: [3, 5, 30, 57, 104, 116, 186, 198, 245, 272, 297, 299], [0, 11, 24, 65, 90, 129, 173, 212, 237, 278, 291, 302], p=7361801127076023000475727827935483672950196700388779834132647162303778884927333771503452132970154853453244582727114691299477588727544204654338827955156249, p prime? False
2, x=492559664846573, solution: [3, 5, 30, 57, 104, 116, 186, 198, 245, 272, 297, 299], [0, 11, 24, 65, 90, 129, 173, 212, 237, 278, 291, 302], p=6048068176444142170948316871574456815413023883690130598069501847223068367357580202636914971117743564046384271090451256599416157411421343736826815842137089, p prime? False
0, x=490755846848297, solution: [3, 5, 30, 57, 104, 116, 186, 198, 245, 272, 297, 299], [0, 11, 24, 65, 90, 129, 173, 212, 237, 278, 291, 302], p=5787570933349478079326454125049270344653376742243377408969920748091082243106987494096852550472953478361520114457540869001165937345066124380263524768991999, p prime? False
3, x=493472173315137, solution: [3, 5, 30, 57, 104, 116, 186, 198, 245, 272, 297, 299], [0, 11, 24, 65, 90, 129, 173, 212, 237, 278, 291, 302], p=6183901358117062617772545782183279842551531222399112979879286910695192080110781999535798950104780153870898305091896611055396770494109031236398496503244801, p prime? False
15, x=504374018935449, solution: [3, 5, 30, 57, 104, 116, 186, 198, 245, 272, 297, 299], [0, 11, 24, 65, 90, 129, 173, 212, 237, 278, 291, 302], p=8037907887053704747520691989762583951606609000313498519665515018897802262894583001702418100072821900852354952874134446953301020881394680166536526444978927, p prime? False
1, x=491678606485110, solution: [3, 5, 30, 57, 104, 116, 186, 198, 245, 272, 297, 299], [0, 11, 24, 65, 90, 129, 173, 212, 237, 278, 291, 302], p=5919517129288633995914528261842556049209836521298215050102781360694100606564201012576854349409831433307813782434062088657736158171628494177316220016124645, p prime? False
16, x=505286880948707, solution: [3, 5, 30, 57, 104, 116, 186, 198, 245, 272, 297, 299], [0, 11, 24, 65, 90, 129, 173, 212, 237, 278, 291, 302], p=8214229030592222033476479731629581544563609415608617457942014185312593035393350973987310481407213524789738615853875889549719801892243355315390421941711709, p prime? False
13, x=502567290653717, solution: [3, 5, 30, 57, 104, 116, 186, 198, 245, 272, 297, 299], [0, 11, 24, 65, 90, 129, 173, 212, 237, 278, 291, 302], p=7699121426691018808297776247632417023644691508546601478451731429765285236099529618519798813821834718842833303735699316224391849406304358809833304491219375, p prime? False
19, x=508020122153172, solution: [3, 5, 30, 57, 104, 116, 186, 198, 245, 272, 297, 299], [0, 11, 24, 65, 90, 129, 173, 212, 237, 278, 291, 302], p=8763579123994649454860564478236880286460834591725928183155508944423379195202290790131035714203868081052440315084730740780234899270268852374899419571285249, p prime? False
2, x=492594612145641, solution: [3, 5, 30, 57, 104, 116, 186, 198, 245, 272, 297, 299], [0, 11, 24, 65, 90, 129, 173, 212, 237, 278, 291, 302], p=6053219539702873878799319525679006062669383589900811219283027857077687518630124697029603028551136053064393040330431110942144895205814995144140290604404575, p prime? False
11, x=500741071540922, solution: [3, 5, 30, 57, 104, 116, 186, 198, 245, 272, 297, 299], [0, 11, 24, 65, 90, 129, 173, 212, 237, 278, 291, 302], p=7370027517339516011174512393682046232840623646544728164661047000692887543177695377231371291317339507213451831480416643703325030904864320641596338540099999, p prime? False
11, x=500742734914004, solution: [3, 5, 30, 57, 104, 116, 186, 198, 245, 272, 297, 299], [0, 11, 24, 65, 90, 129, 173, 212, 237, 278, 291, 302], p=7370321305807672538594097730547260278839036342612791018072407864952165743632806881714184867712229888409697107136019891681173112185525517978664331284426161, p prime? False
16, x=505294497944715, solution: [3, 5, 30, 57, 104, 116, 186, 198, 245, 272, 297, 299], [0, 11, 24, 65, 90, 129, 173, 212, 237, 278, 291, 302], p=8215715068085722750119914494684147961324303210230943616340170577510660271168965112040929784292465296924504579044265857575183891716021337500347662000559001, p prime? False
6, x=496227374201025, solution: [3, 5, 30, 57, 104, 116, 186, 198, 245, 272, 297, 299], [0, 11, 24, 65, 90, 129, 173, 212, 237, 278, 291, 302], p=6611182663917150132061677327380215662840514537130274839887560567423987981536898607039249680097462933131267187560699129265602658337390581833013313138077441, p prime? False
19, x=508028950735149, solution: [3, 5, 30, 57, 104, 116, 186, 198, 245, 272, 297, 299], [0, 11, 24, 65, 90, 129, 173, 212, 237, 278, 291, 302], p=8765406863539958692788233330161475044744176123722371688071815496863575898768748401809207737919579990589648088654310429100165713319689178928653684972138241, p prime? False
4, x=494416433375174, solution: [3, 5, 30, 57, 104, 116, 186, 198, 245, 272, 297, 299], [0, 11, 24, 65, 90, 129, 173, 212, 237, 278, 291, 302], p=6327400224379273110135108464203689357618491665226198164027896629228629771846975012258950075708637165557247325741636702204096533897668697042978979045427359, p prime? False
2, x=492618448416198, solution: [3, 5, 30, 57, 104, 116, 186, 198, 245, 272, 297, 299], [0, 11, 24, 65, 90, 129, 173, 212, 237, 278, 291, 302], p=6056735402404262950053112711494840206273908457109927145449683774220555650605323354737598792766255079989213792738753504197131194534978206767816871336337119, p prime? False
9, x=498974837539412, solution: [3, 5, 30, 57, 104, 116, 186, 198, 245, 272, 297, 299], [0, 11, 24, 65, 90, 129, 173, 212, 237, 278, 291, 302], p=7064058423111847524634674304827145731745690953962947998087896636419824381863894290077755665555983024174821587350265614383235316183171468991185630924843401, p prime? False
9, x=498982986241077, solution: [3, 5, 30, 57, 104, 116, 186, 198, 245, 272, 297, 299], [0, 11, 24, 65, 90, 129, 173, 212, 237, 278, 291, 302], p=7065442895535166954850786881302774792188744374198309287917571056643496037726720964631131395133590382622601456186357440766274518173527056242750643886398111, p prime? False
7, x=497164751010315, solution: [3, 5, 30, 57, 104, 116, 186, 198, 245, 272, 297, 299], [0, 11, 24, 65, 90, 129, 173, 212, 237, 278, 291, 302], p=6762612331018792425058357354645315203474794164366087583240489884969337061859050146775649661423798158883846797453601354622414746335081473881054755259436001, p prime? False
19, x=508059064614477, solution: [3, 5, 30, 57, 104, 116, 186, 198, 245, 272, 297, 299], [0, 11, 24, 65, 90, 129, 173, 212, 237, 278, 291, 302], p=8771643826458432450422161141108530333761982206459364484902733692199529673564270965307777369686640821040228801918588789502037295736413184119644776989733921, p prime? False
15, x=504422162571065, solution: [3, 5, 30, 57, 104, 116, 186, 198, 245, 272, 297, 299], [0, 11, 24, 65, 90, 129, 173, 212, 237, 278, 291, 302], p=8047119558910010793860581287226489824208937706303734559927679204506982124040579479635563920001968444787643406243051602625158369551103740615455228095962751, p prime? False
12, x=501718976479278, solution: [3, 5, 30, 57, 104, 116, 186, 198, 245, 272, 297, 299], [0, 11, 24, 65, 90, 129, 173, 212, 237, 278, 291, 302], p=7544611281572700220542265082452658934235244318550980453714186839066808445284176997070032436256650982337475878317542337874252360649158612692722254065874721, p prime? False
6, x=496279486857690, solution: [3, 5, 30, 57, 104, 116, 186, 198, 245, 272, 297, 299], [0, 11, 24, 65, 90, 129, 173, 212, 237, 278, 291, 302], p=6619518972086774422349112305310661333051245628974898078795271084411989981756813468229333888939879892453696088094533866592381221256984434761413557075643001, p prime? False
15, x=504442825227552, solution: [3, 5, 30, 57, 104, 116, 186, 198, 245, 272, 297, 299], [0, 11, 24, 65, 90, 129, 173, 212, 237, 278, 291, 302], p=8051076062310015800762616969490773789836288355422917981713316442323485832125524569535376911619782167182998691863779315297148478959977277977074114929894901, p prime? False
18, x=507177104292680, solution: [3, 5, 30, 57, 104, 116, 186, 198, 245, 272, 297, 299], [0, 11, 24, 65, 90, 129, 173, 212, 237, 278, 291, 302], p=8590653741306319528615313995634030393902966477359751201760551995340360171870510686525855266825223047022589240095123558891118939965247751479680399215448699, p prime? False
3, x=493552927377185, solution: [3, 5, 30, 57, 104, 116, 186, 198, 245, 272, 297, 299], [0, 11, 24, 65, 90, 129, 173, 212, 237, 278, 291, 302], p=6196055839440754174935920968492455114176236204685736556863711931458182199205032856523877539907866047006417280980156405306951740916273159275702490473663905, p prime? False
18, x=507181586141337, solution: [3, 5, 30, 57, 104, 116, 186, 198, 245, 272, 297, 299], [0, 11, 24, 65, 90, 129, 173, 212, 237, 278, 291, 302], p=8591564757540217005492387685108186451890397385659476614564781027385543386002772915706173730940871090910609045212852403235253996409004329415585425462560751, p prime? False
8, x=498110125028529, solution: [3, 5, 30, 57, 104, 116, 186, 198, 245, 272, 297, 299], [0, 11, 24, 65, 90, 129, 173, 212, 237, 278, 291, 302], p=6918548237855506526025006951851943271040300520390310257693449726520947614199391685416672314377577143005153978739913714267034979387400124690596446723651993, p prime? False
2, x=492670182342629, solution: [3, 5, 30, 57, 104, 116, 186, 198, 245, 272, 297, 299], [0, 11, 24, 65, 90, 129, 173, 212, 237, 278, 291, 302], p=6064372625556944070405659937949727035626851507909917870212469482789052152060967012320425747127032254537815302021960764772469954502028686898034177597983151, p prime? False
12, x=501741364275437, solution: [3, 5, 30, 57, 104, 116, 186, 198, 245, 272, 297, 299], [0, 11, 24, 65, 90, 129, 173, 212, 237, 278, 291, 302], p=7548652157531712453648272412449574052567551157838091148582537482760192127029493920903812963620821477285658778195276632403093837114160066374170170895052801, p prime? False
16, x=505369048177037, solution: [3, 5, 30, 57, 104, 116, 186, 198, 245, 272, 297, 299], [0, 11, 24, 65, 90, 129, 173, 212, 237, 278, 291, 302], p=8230272457169256698128203773669255970726446196430592366694229096548219758168313515028287107725114400436691355824559161861754282853502000662433595028778401, p prime? False
10, x=499910753195229, solution: [3, 5, 30, 57, 104, 116, 186, 198, 245, 272, 297, 299], [0, 11, 24, 65, 90, 129, 173, 212, 237, 278, 291, 302], p=7224707696083845864584673850581685561717928323862737383860114914328501582046409583327261818065384173155837125517215306337710106683798209330348500406126809, p prime? False
9, x=499029414952197, solution: [3, 5, 30, 57, 104, 116, 186, 198, 245, 272, 297, 299], [0, 11, 24, 65, 90, 129, 173, 212, 237, 278, 291, 302], p=7073335926230990394212108041932256968483414190986181716902829951644495996548002332103920108249959135183769746166925314943644413820846860179534203060963199, p prime? False
19, x=508109742465077, solution: [3, 5, 30, 57, 104, 116, 186, 198, 245, 272, 297, 299], [0, 11, 24, 65, 90, 129, 173, 212, 237, 278, 291, 302], p=8782149030478135324366777758012035528464152260491961648466584238052146128912891423862999292168333029574729675956375830155469714463722280422712285501847711, p prime? False
3, x=493575434260400, solution: [3, 5, 30, 57, 104, 116, 186, 198, 245, 272, 297, 299], [0, 11, 24, 65, 90, 129, 173, 212, 237, 278, 291, 302], p=6199447302746334335088115033047798923094552468574478394956720896799983564796918370054928934950265416036684890947473479997285816163556021409479393438328691, p prime? False
5, x=495412349915145, solution: [3, 5, 30, 57, 104, 116, 186, 198, 245, 272, 297, 299], [0, 11, 24, 65, 90, 129, 173, 212, 237, 278, 291, 302], p=6482051568930813374187745882764661747049011658954699356904559911962055356478187792483861108648678639075558404636511264970437121917978724904418462668458639, p prime? False
4, x=494490105740837, solution: [3, 5, 30, 57, 104, 116, 186, 198, 245, 272, 297, 299], [0, 11, 24, 65, 90, 129, 173, 212, 237, 278, 291, 302], p=6338723555985287321133723134202135819212815510678378121267718639925319880185481233251459095379313272497443170581023321594069393431712169396775746442868751, p prime? False
7, x=497224024295232, solution: [3, 5, 30, 57, 104, 116, 186, 198, 245, 272, 297, 299], [0, 11, 24, 65, 90, 129, 173, 212, 237, 278, 291, 302], p=6772293754165496137031770762744547037871688873845125086967252513315383282066661790781456763243665241606535818791046874207742989532169103627465049151640169, p prime? False
8, x=498139202547470, solution: [3, 5, 30, 57, 104, 116, 186, 198, 245, 272, 297, 299], [0, 11, 24, 65, 90, 129, 173, 212, 237, 278, 291, 302], p=6923396293981463511027813483895505114088274161733967958207576760545019912101162275708669512594701422688878909562678382709288961867391902149657186849129109, p prime? False
8, x=498139850365940, solution: [3, 5, 30, 57, 104, 116, 186, 198, 245, 272, 297, 299], [0, 11, 24, 65, 90, 129, 173, 212, 237, 278, 291, 302], p=6923504339348344799670557875034243247560969100562041445269302483311609361980367387751879166604808090341637694332837191501646355342652740221505564643739751, p prime? False
6, x=496327370585241, solution: [3, 5, 30, 57, 104, 116, 186, 198, 245, 272, 297, 299], [0, 11, 24, 65, 90, 129, 173, 212, 237, 278, 291, 302], p=6627187284247337160483280350395661395636341803987010507485954624093414008032311993058535175581592421472127818894968516642675395625372338876167407669495279, p prime? False
1, x=491789604948707, solution: [3, 5, 30, 57, 104, 116, 186, 198, 245, 272, 297, 299], [0, 11, 24, 65, 90, 129, 173, 212, 237, 278, 291, 302], p=5935573319143387199239112536474233269679489071822561422645556841169012765233759984005216609991423471216516859095216828883694504195173787314357296220561709, p prime? False
16, x=505399036026117, solution: [3, 5, 30, 57, 104, 116, 186, 198, 245, 272, 297, 299], [0, 11, 24, 65, 90, 129, 173, 212, 237, 278, 291, 302], p=8236134835973606149585122615066658690512936450697141775644722348518282449520562275691846179260253338036150221915466287438451858924713317310886716071696255, p prime? False
11, x=500859827080241, solution: [3, 5, 30, 57, 104, 116, 186, 198, 245, 272, 297, 299], [0, 11, 24, 65, 90, 129, 173, 212, 237, 278, 291, 302], p=7391029368666026239855819082590031954410729194443251968966111577620649122428114689788225659150395005464728520774828596985464834296014574389080378113506329, p prime? False
2, x=492724066469574, solution: [3, 5, 30, 57, 104, 116, 186, 198, 245, 272, 297, 299], [0, 11, 24, 65, 90, 129, 173, 212, 237, 278, 291, 302], p=6072336656902721798288802662293462560039813746223134580462629451002121813176015816438215256699147761251275131461073045326354820505128019901081104892368447, p prime? False
12, x=501798553106565, solution: [3, 5, 30, 57, 104, 116, 186, 198, 245, 272, 297, 299], [0, 11, 24, 65, 90, 129, 173, 212, 237, 278, 291, 302], p=7558983440290732663085758860125571271872263198513511166018441730729206275376242207413285013522398889590654797358291413010975739176368850848006865416514751, p prime? False
14, x=503611404848057, solution: [3, 5, 30, 57, 104, 116, 186, 198, 245, 272, 297, 299], [0, 11, 24, 65, 90, 129, 173, 212, 237, 278, 291, 302], p=7893274690998236679867338682703608395128485526092053908837341716982005176735379777921315277964943403982145733275854356008555043578626195352494659126203199, p prime? False
10, x=499967188096574, solution: [3, 5, 30, 57, 104, 116, 186, 198, 245, 272, 297, 299], [0, 11, 24, 65, 90, 129, 173, 212, 237, 278, 291, 302], p=7234500938100954831702902754062368402338138733947881334969498071056806965456091180625141869441550180320079627581443740969771820645339895943880855221033787, p prime? False
16, x=505429302825582, solution: [3, 5, 30, 57, 104, 116, 186, 198, 245, 272, 297, 299], [0, 11, 24, 65, 90, 129, 173, 212, 237, 278, 291, 302], p=8242055628407075228454053234894965209247836038514111168205128174404455723249885679963618667495955597069135169653284483261949363174279109698646565607541209, p prime? False
7, x=497268519327572, solution: [3, 5, 30, 57, 104, 116, 186, 198, 245, 272, 297, 299], [0, 11, 24, 65, 90, 129, 173, 212, 237, 278, 291, 302], p=6779569712738224762310758296159900522158899543159166784813795650963054882178833805864642585350308140365792925025331139154234601748785249317827114150131449, p prime? False
10, x=499974290341812, solution: [3, 5, 30, 57, 104, 116, 186, 198, 245, 272, 297, 299], [0, 11, 24, 65, 90, 129, 173, 212, 237, 278, 291, 302], p=7235734264182855839594701075758386297216178605340979709814895496679244241801143227719244258884346428074651644248254140038827106220477111261472853893653051, p prime? False
6, x=496367910725024, solution: [3, 5, 30, 57, 104, 116, 186, 198, 245, 272, 297, 299], [0, 11, 24, 65, 90, 129, 173, 212, 237, 278, 291, 302], p=6633685926329983620874680056331520538662144517324227791114349420348466971363330898154396647308922909689158520377741554410356629072991069697409418749194501, p prime? False
16, x=505436158218029, solution: [3, 5, 30, 57, 104, 116, 186, 198, 245, 272, 297, 299], [0, 11, 24, 65, 90, 129, 173, 212, 237, 278, 291, 302], p=8243397222354828742954901695070395954241646193104206003515029728872498826511810718687799483937635391088401677748720030353489358060537584439921708550007553, p prime? False
7, x=497286702508665, solution: [3, 5, 30, 57, 104, 116, 186, 198, 245, 272, 297, 299], [0, 11, 24, 65, 90, 129, 173, 212, 237, 278, 291, 302], p=6782545141927833266481012609238447133691273576092060656664847503815860874912424610673853234815645562093563273526874854017471915013511533563269150561955551, p prime? False
7, x=497287130890574, solution: [3, 5, 30, 57, 104, 116, 186, 198, 245, 272, 297, 299], [0, 11, 24, 65, 90, 129, 173, 212, 237, 278, 291, 302], p=6782615255205841854938973502527845550746413623434310032411152498459787630793131503432522333806809786751332339686483704025166435050839343763991183412261517, p prime? False
14, x=503636536168862, solution: [3, 5, 30, 57, 104, 116, 186, 198, 245, 272, 297, 299], [0, 11, 24, 65, 90, 129, 173, 212, 237, 278, 291, 302], p=7898002690489025203176731785778286476607736292280583461781857467276955019262753272052634649260404856089812686727035178769721490491757180741495297049156751, p prime? False
18, x=507284131574198, solution: [3, 5, 30, 57, 104, 116, 186, 198, 245, 272, 297, 299], [0, 11, 24, 65, 90, 129, 173, 212, 237, 278, 291, 302], p=8612433167669321494811405959765873665626816074689378449400774401003113847239643265507609852041005878735801157018605621213910602425576897064788141218050429, p prime? False
2, x=492764179843380, solution: [3, 5, 30, 57, 104, 116, 186, 198, 245, 272, 297, 299], [0, 11, 24, 65, 90, 129, 173, 212, 237, 278, 291, 302], p=6078271605649645208543457251698567695202365077827478689011374106633940190703261174760735081970427889536975046747298627441721807213591458594036623537106499, p prime? False
19, x=508192856283398, solution: [3, 5, 30, 57, 104, 116, 186, 198, 245, 272, 297, 299], [0, 11, 24, 65, 90, 129, 173, 212, 237, 278, 291, 302], p=8799402979711681276075979373707040023149118402924027503430403221997622772669925153898816847421597051210800644423237955634914529593812082959227096024475863, p prime? False
4, x=494574065023491, solution: [3, 5, 30, 57, 104, 116, 186, 198, 245, 272, 297, 299], [0, 11, 24, 65, 90, 129, 173, 212, 237, 278, 291, 302], p=6351650616262710121342833271600092238529344739415353320635986830297028755498605429519470483540605660162149774436093729982154701853683181149336665040310559, p prime? False
7, x=497306286995790, solution: [3, 5, 30, 57, 104, 116, 186, 198, 245, 272, 297, 299], [0, 11, 24, 65, 90, 129, 173, 212, 237, 278, 291, 302], p=6785751214641352508665114027522145908761727286946158844590526107190310868393894491951728107263811942153225223697207526809257339644344099534403730989372301, p prime? False
16, x=505477591926804, solution: [3, 5, 30, 57, 104, 116, 186, 198, 245, 272, 297, 299], [0, 11, 24, 65, 90, 129, 173, 212, 237, 278, 291, 302], p=8251510022817691759834566419406841572781105293255985488305768325461167466481565169496075755103472851268564326189807659231162647074816165826863420113763645, p prime? False
4, x=494591317688523, solution: [3, 5, 30, 57, 104, 116, 186, 198, 245, 272, 297, 299], [0, 11, 24, 65, 90, 129, 173, 212, 237, 278, 291, 302], p=6354309969481674984559923870276034110390657266530221528771664484214470580668126881308934078873440935167315112309526596150656168485207608593470408082910053, p prime? False
7, x=497321489121470, solution: [3, 5, 30, 57, 104, 116, 186, 198, 245, 272, 297, 299], [0, 11, 24, 65, 90, 129, 173, 212, 237, 278, 291, 302], p=6788240831791321760712028576047344831404776442967429533403302489991827157559202573054036339426238838035259967409804299063915014303481870723458360347225259, p prime? False
17, x=506396561543028, solution: [3, 5, 30, 57, 104, 116, 186, 198, 245, 272, 297, 299], [0, 11, 24, 65, 90, 129, 173, 212, 237, 278, 291, 302], p=8433338156493226562087579295051524075940965993762732825662279769995776469870290680045022152596308432586858524342537512396504381949211337735499847192693071, p prime? False
8, x=498234081616067, solution: [3, 5, 30, 57, 104, 116, 186, 198, 245, 272, 297, 299], [0, 11, 24, 65, 90, 129, 173, 212, 237, 278, 291, 302], p=6939237021825716940245228835811164320383659665115563729284067572855007202483174715749989286643016646037609747157226537929145560827787229524804789342443195, p prime? False
6, x=496420716676602, solution: [3, 5, 30, 57, 104, 116, 186, 198, 245, 272, 297, 299], [0, 11, 24, 65, 90, 129, 173, 212, 237, 278, 291, 302], p=6642159555537058203472314500237323972490542381834045587595661956301034081718188960072603595471376727309609645763170643920062281783819346038599186786052771, p prime? False
8, x=498235248242328, solution: [3, 5, 30, 57, 104, 116, 186, 198, 245, 272, 297, 299], [0, 11, 24, 65, 90, 129, 173, 212, 237, 278, 291, 302], p=6939432004883616386194946320210303691995027298495470214514292528671093851929338277401657987748779963933514061794061402252185808920943112203900322881560785, p prime? False
4, x=494601436290225, solution: [3, 5, 30, 57, 104, 116, 186, 198, 245, 272, 297, 299], [0, 11, 24, 65, 90, 129, 173, 212, 237, 278, 291, 302], p=6355870141639585460539938405482342237559036464029731981614915726789281845604791385880722652952009627495428518194311014115109042455500696439902590464151961, p prime? False
3, x=493691790344090, solution: [3, 5, 30, 57, 104, 116, 186, 198, 245, 272, 297, 299], [0, 11, 24, 65, 90, 129, 173, 212, 237, 278, 291, 302], p=6217007643999729157819540120442761304634389398709834645127758426739993439214001473725620207621266551945237595274822967776518839812127819660713836623986501, p prime? False
